Fail to parse DAS record=map[das:map[expire:1588416924 instance:prod/global primary_key:lumi.number record:1 services:[dbs3:runsummaries]] lumi:[map[max_lumi:184]] qhash:940cc355afb332141ed2aa44df72a209], keys=[lumi [0] number], error=Key path not found
Fail to parse DAS record=map[das:map[expire:1588416924 instance:prod/global primary_key:lumi.number record:1 services:[dbs3:runsummaries]] lumi:[map[max_lumi:184]] qhash:940cc355afb332141ed2aa44df72a209], keys=[lumi [0] number], error=Key path not found
[100]
[101]
[102]
[103]
[104]
[105]
[106]
[107]
[108]
[109]
[10]
[110]
[111]
[112]
[113]
[114]
[115]
[116]
[117]
[118]
[119]
[11]
[120]
[121]
[122]
[123]
[124]
[125]
[126]
[127]
[128]
[129]
[12]
[130]
[131]
[132]
[133]
[134]
[135]
[136]
[137]
[138]
[139]
[13]
[140]
[141]
[142]
[143]
[144]
[145]
[146]
[147]
[148]
[149]
[14]
[150]
[151]
[152]
[153]
[154]
[155]
[156]
[157]
[158]
[159]
[15]
[160]
[161]
[162]
[163]
[164]
[165]
[166]
[167]
[168]
[169]
[16]
[170]
[171]
[172]
[173]
[17]
[184,176,174,175,181,182,177,178,183,180,179]
[18]
[19]
[20]
[21]
[22]
[23]
[24]
[25]
[37]
[38]
[39]
[3]
[40]
[41]
[42]
[43,44]
[45]
[46]
[47]
[48,49]
[4]
[50]
[51,52]
[53]
[54]
[55,56]
[57]
[58]
[59]
[5]
[60]
[61]
[62]
[63]
[64]
[65]
[66]
[67]
[68]
[69]
[6]
[70]
[71]
[72]
[73]
[74]
[75]
[76]
[77]
[78]
[79]
[7]
[80]
[81]
[82]
[83]
[84]
[85]
[86]
[87]
[88]
[89]
[8]
[90]
[91]
[92]
[93]
[94]
[95]
[96]
[97]
[98]
[99]
[9]
