Fail to parse DAS record=map[das:map[expire:1588417783 instance:prod/global primary_key:lumi.number record:1 services:[dbs3:runsummaries]] lumi:[map[max_lumi:1238]] qhash:956423e25e1bc442b67846f026c1dd99], keys=[lumi [0] number], error=Key path not found
Fail to parse DAS record=map[das:map[expire:1588417783 instance:prod/global primary_key:lumi.number record:1 services:[dbs3:runsummaries]] lumi:[map[max_lumi:1238]] qhash:956423e25e1bc442b67846f026c1dd99], keys=[lumi [0] number], error=Key path not found
[1001,1000]
[1002,1003]
[1005,1004]
[1007,1006]
[1008,1009]
[101,100]
[1011,1010]
[1013,1012]
[1014,1015]
[1016,1017]
[1019,1018]
[1020,1021]
[1022,1023]
[1024,1025]
[1026,1027]
[1029,1028]
[103,102]
[1031,1030]
[1033,1032]
[1035,1034]
[1036,1037]
[1039,1038]
[104,105]
[1040,1041]
[1042,1043]
[1044,1045]
[1046,1047]
[1049,1048]
[1050,1051]
[1053,1052]
[1054,1055]
[1056,1057]
[1058,1059]
[1060,1061]
[1063,1062]
[1064,1065]
[1066,1067]
[1068,1069]
[107,106]
[1071,1070]
[1073,1072]
[1074,1075]
[1077,1076]
[1079,1078]
[108,109]
[1081,1080]
[1083,1082]
[1085,1084]
[1086,1087]
[1088,1089]
[1091,1090]
[1092,1093]
[1094,1095]
[1096,1097]
[1099,1098]
[10]
[1101,1100]
[1103,1102]
[1104,1105]
[1107,1106]
[1109,1108]
[111,110]
[1111,1110]
[1112,1113]
[1114,1115]
[1117,1116]
[1118,1119]
[112,113]
[1120,1121]
[1123,1122]
[1125,1124]
[1126,1127]
[1129,1128]
[1131,1130]
[1132,1133]
[1135,1134]
[1136,1137]
[1139,1138]
[114,115]
[1140,1141]
[1142,1143]
[1145,1144]
[1147,1146]
[1149,1148]
[1150,1151]
[1153,1152]
[1155,1154]
[1156,1157]
[1158,1159]
[1161,1160]
[1162,1163]
[1165,1164]
[1167,1166]
[1169,1168]
[117,116]
[1170,1171]
[1172,1173]
[1175,1174]
[1177,1176]
[1178,1179]
[118,119]
[1181,1180]
[1182,1183]
[1185,1186,1184]
[1188,1187]
[1189,1190]
[1192,1191]
[1193,1194]
[1195,1196]
[1197,1198]
[1199,1200]
[11]
[12,13]
[120,121]
[1201,1202]
[1205,1204,1203]
[1206,1207,1208,1209]
[1211,1213,1210,1212,1214,1215]
[1216,1218,1217,1219]
[122,123]
[1221,1220]
[1222,1223]
[1224,1225]
[1227,1226]
[1228,1229]
[1232,1231,1230]
[1233,1237,1238,1234,1235,1236]
[124,125]
[126,127]
[128,129]
[130,131]
[132,133]
[135,134]
[137,136]
[139,138]
[14,15]
[140,141]
[142,143]
[145,144]
[146,147]
[148,149]
[151,150]
[153,152]
[154,155]
[156,157]
[158,159]
[160,161]
[163,162]
[165,164]
[167,166]
[169,168]
[16]
[171,170]
[172,173]
[175,174]
[176,177]
[179,178]
[17]
[180,181]
[182,183]
[185,184]
[186,187]
[188,189]
[18]
[19,20]
[191,190]
[193,192]
[195,194]
[196,197]
[199,198]
[1]
[200,201]
[202,203]
[205,204]
[207,206]
[208,209]
[21,22]
[211,210]
[213,212]
[215,214]
[217,216]
[218,219]
[221,220]
[222,223]
[225,224]
[227,226]
[229,228]
[23,24]
[230,231]
[232,233]
[234,235]
[236,237]
[239,238]
[241,240]
[243,242]
[245,244]
[246,247]
[249,248]
[250,251]
[252,253]
[255,254]
[257,256]
[259,258]
[25]
[260,261]
[262,263]
[265,264]
[266,267]
[268,269]
[26]
[271,270]
[273,272]
[275,274]
[276,277]
[278,279]
[27]
[28,29]
[281,280]
[283,282]
[285,284]
[286,287]
[289,288]
[290,291]
[292,293]
[294,295]
[297,296]
[298,299]
[3,2]
[30,31]
[300,301]
[303,302]
[305,304]
[306,307]
[308,309]
[311,310]
[313,312]
[314,315]
[316,317]
[319,318]
[320,321]
[322,323]
[324,325]
[327,326]
[329,328]
[33,32]
[330,331]
[332,333]
[335,334]
[336,337]
[338,339]
[340,341]
[343,342]
[345,344]
[347,346]
[348,349]
[35,34]
[350,351]
[353,352]
[354,355]
[356,357]
[359,358]
[361,360]
[363,362]
[364,365]
[366,367]
[368,369]
[37,36]
[370,371]
[372,373]
[374,375]
[376,377]
[379,378]
[38,39]
[380,381]
[383,382]
[385,384]
[387,386]
[389,388]
[391,390]
[392,393]
[395,394]
[396,397]
[398,399]
[400,401]
[403,402]
[404,405]
[406,407]
[409,408]
[41,40]
[411,410]
[412,413]
[415,414]
[416,417]
[418,419]
[42,43]
[421,420]
[422,423]
[424,425]
[426,427]
[429,428]
[431,430]
[432,433]
[435,434]
[436,437]
[438,439]
[440,441]
[443,442]
[445,444]
[447,446]
[449,448]
[45,44]
[451,450]
[452,453]
[454,455]
[456,457]
[458,459]
[46,47]
[461,460]
[463,462]
[465,464]
[466,467]
[469,468]
[470,471]
[473,472]
[474,475]
[476,477]
[479,478]
[48,49]
[480,481]
[482,483]
[484,485]
[487,486]
[488,489]
[490,491]
[493,492]
[495,494]
[496,497]
[499,498]
[5,4]
[50,51]
[500,501]
[503,502]
[505,504]
[507,506]
[508,509]
[511,510]
[512,513]
[515,514]
[516,517]
[519,518]
[520,521]
[522,523]
[524,525]
[526,527]
[529,528]
[53,52]
[531,530]
[532,533]
[535,534]
[536,537]
[539,538]
[54,55]
[541,540]
[542,543]
[544,545]
[547,546]
[548,549]
[550,551]
[553,552]
[555,554]
[557,556]
[559,558]
[56,57]
[560,561]
[562,563]
[564,565]
[566,567]
[568,569]
[571,570]
[573,572]
[574,575]
[576,577]
[578,579]
[58,59]
[581,580]
[583,582]
[584,585]
[586,587]
[589,588]
[591,590]
[592,593]
[594,595]
[597,596]
[598,599]
[60,61]
[600,601]
[602,603]
[605,604]
[606,607]
[608,609]
[610,611]
[612,613]
[615,614]
[617,616]
[618,619]
[62,63]
[620,621]
[623,622]
[625,624]
[627,626]
[628,629]
[631,630]
[633,632]
[635,634]
[636,637]
[638,639]
[64,65]
[641,640]
[643,642]
[645,644]
[647,646]
[648,649]
[650,651]
[653,652]
[654,655]
[656,657]
[659,658]
[66,67]
[661,660]
[662,663]
[664,665]
[666,667]
[668,669]
[671,670]
[672,673]
[674,675]
[676,677]
[678,679]
[68,69]
[680,681]
[682,683]
[685,684]
[686,687]
[688,689]
[691,690]
[693,692]
[694,695]
[697,696]
[698,699]
[7,6]
[70,71]
[701,700]
[702,703]
[705,704]
[707,706]
[708,709]
[711,710]
[713,712]
[714,715]
[716,717]
[718,719]
[72,73]
[721,720]
[723,722]
[725,724]
[726,727]
[728,729]
[731,730]
[732,733]
[734,735]
[736,737]
[738,739]
[74,75]
[740,741]
[743,742]
[745,744]
[746,747]
[748,749]
[750,751]
[752,753]
[754,755]
[756,757]
[759,758]
[760,761]
[763,762]
[764,765]
[767,766]
[769,768]
[77,76]
[770,771]
[772,773]
[775,774]
[776,777]
[778,779]
[781,780]
[782,783]
[784,785]
[786,787]
[788,789]
[79,78]
[790,791]
[793,792]
[795,794]
[796,797]
[798,799]
[800,801]
[803,802]
[805,804]
[806,807]
[809,808]
[81,80]
[811,810]
[813,812]
[814,815]
[816,817]
[818,819]
[82,83]
[820,821]
[823,822]
[824,825]
[826,827]
[829,828]
[830,831]
[833,832]
[835,834]
[836,837]
[839,838]
[84,85]
[841,840]
[842,843]
[844,845]
[847,846]
[848,849]
[850,851]
[853,852]
[855,854]
[856,857]
[859,858]
[861,860]
[862,863]
[865,864]
[866,867]
[868,869]
[87,86]
[871,870]
[872,873]
[875,874]
[877,876]
[878,879]
[880,881]
[882,883]
[884,885]
[886,887]
[889,888]
[89,88]
[890,891]
[893,892]
[894,895]
[896,897]
[898,899]
[9,8]
[90,91]
[901,900]
[902,903]
[904,905]
[907,906]
[908,909]
[910,911]
[912,913]
[915,914]
[917,916]
[919,918]
[921,920]
[922,923]
[924,925]
[926,927]
[928,929]
[93,92]
[930,931]
[932,933]
[934,935]
[936,937]
[938,939]
[94,95]
[941,940]
[943,942]
[945,944]
[947,946]
[948,949]
[951,950]
[952,953]
[954,955]
[956,957]
[958,959]
[961,960]
[962,963]
[964,965]
[966,967]
[969,968]
[97,96]
[971,970]
[973,972]
[975,974]
[976,977]
[978,979]
[980,981]
[982,983]
[985,984]
[986,987]
[988,989]
[99,98]
[990,991]
[993,992]
[994,995]
[996,997]
[998,999]
