Fail to parse DAS record=map[das:map[expire:1588417684 instance:prod/global primary_key:lumi.number record:1 services:[dbs3:runsummaries]] lumi:[map[max_lumi:2034]] qhash:06d5c4fcdd5c40a5930d9ba26c0f76b5], keys=[lumi [0] number], error=Key path not found
Fail to parse DAS record=map[das:map[expire:1588417684 instance:prod/global primary_key:lumi.number record:1 services:[dbs3:runsummaries]] lumi:[map[max_lumi:2034]] qhash:06d5c4fcdd5c40a5930d9ba26c0f76b5], keys=[lumi [0] number], error=Key path not found
[100,99]
[1003,1002,1004]
[1005,1007,1006]
[101,102]
[1010,1009,1008]
[1012,1013,1011]
[1016,1014,1015]
[1018,1017,1019]
[1020,1022,1021]
[1023,1024,1025]
[1026,1028,1027]
[1031,1029,1030]
[1033,1034,1032]
[1037,1036,1035]
[1039,1038,1040]
[104,103]
[1042,1043,1041]
[1044,1046,1045]
[1049,1048,1047]
[105,106]
[1051,1052,1050]
[1053,1055,1054]
[1056,1058,1057]
[1060,1061,1059]
[1063,1062,1064]
[1065,1066,1067]
[1069,1070,1068]
[107,108]
[1071,1072,1073]
[1076,1074,1075]
[1077,1078,1079]
[1082,1081,1080]
[1083,1084,1085]
[1087,1086,1088]
[1089,1091,1090]
[109,110]
[1092,1094,1093]
[1095,1097,1096]
[1098,1100,1099]
[11,10]
[1103,1102,1101]
[1105,1106,1104]
[1108,1109,1107]
[111,112]
[1110,1111,1112]
[1113,1114,1115]
[1118,1116,1117]
[1120,1119,1121]
[1123,1124,1122]
[1127,1126,1125]
[1128,1130,1129]
[1133,1131,1132]
[1136,1135,1134]
[1138,1139,1137]
[114,113]
[1142,1141,1140]
[1145,1143,1144]
[1148,1146,1147]
[1149,1150,1151]
[115,116]
[1153,1154,1152]
[1155,1156,1157]
[1158,1160,1159]
[1163,1161,1162]
[1166,1165,1164]
[1167,1169,1168]
[117,118]
[1171,1172,1170]
[1174,1173,1175]
[1177,1178,1176]
[1180,1181,1179]
[1184,1183,1182]
[1185,1186,1187]
[119,120]
[1190,1188,1189]
[1191,1193,1192]
[1196,1195,1194]
[1197,1199,1198]
[1200,1201,1202]
[1204,1203,1205]
[1207,1206,1208]
[1209,1210,1211]
[121,122]
[1214,1213,1212]
[1216,1215,1217]
[1218,1220,1219]
[1222,1221,1223]
[1226,1224,1225]
[1229,1227,1228]
[123,124]
[1232,1230,1231]
[1233,1234,1235]
[1236,1237,1238]
[1240,1239,1241]
[1243,1242,1244]
[1245,1246,1247]
[1248,1250,1249]
[125,126]
[1251,1252,1253]
[1256,1254,1255]
[1259,1258,1257]
[1260,1261,1262]
[1265,1264,1263]
[1267,1268,1266]
[1269,1270,1271]
[1272,1273,1274]
[1275,1277,1276]
[128,127]
[1280,1279,1278]
[1282,1283,1281]
[1284,1285,1286]
[1289,1287,1288]
[129,130]
[1291,1292,1290]
[1293,1294,1295]
[1296,1297,1298]
[1299,1301,1300]
[13,12]
[1303,1302,1304]
[1307,1306,1305]
[1308,1309,1310]
[131,132]
[1313,1311,1312]
[1314,1316,1315]
[1317,1318,1319]
[1321,1320,1322]
[1324,1323,1325]
[1328,1327,1326]
[1329,1331,1330]
[133,134]
[1334,1332,1333]
[1337,1335,1336]
[1340,1338,1339]
[1342,1343,1341]
[1345,1346,1344]
[1347,1348,1349]
[135,136]
[1351,1352,1350]
[1354,1355,1353]
[1357,1356,1358]
[1360,1359,1361]
[1364,1363,1362]
[1367,1365,1366]
[1369,1370,1368]
[1371,1372,1373]
[1374,1376,1375]
[1378,1377,1379]
[138,137]
[1381,1382,1380]
[1383,1384,1385]
[1387,1386,1388]
[1389,1390,1391]
[1393,1394,1392]
[1395,1397,1396]
[14,15]
[140,139]
[1400,1399,1398]
[1402,1403,1401]
[1405,1406,1404]
[1408,1409,1407]
[1410,1412,1411]
[1414,1413,1415]
[1418,1416,1417]
[1419,1421,1420]
[142,141]
[1422,1423,1424]
[1426,1427,1425]
[1428,1429,1430]
[143,144]
[1431,1432,1433]
[1435,1434,1436]
[1438,1439,1437]
[1440,1442,1441]
[1444,1443,1445]
[1447,1448,1446]
[145,146]
[1450,1451,1449]
[1454,1453,1452]
[1457,1456,1455]
[1458,1459,1460]
[1461,1462,1463]
[1465,1464,1466]
[1467,1468,1469]
[1470,1471,1472]
[1474,1475,1473]
[1476,1478,1477]
[148,147]
[1480,1479,1481]
[1484,1483,1482]
[1487,1486,1485]
[1489,1490,1488]
[1492,1493,1491]
[1495,1494,1496]
[1498,1497,1499]
[150,149]
[1502,1500,1501]
[1503,1505,1504]
[1506,1507,1508]
[151,152]
[1510,1509,1511]
[1514,1512,1513]
[1517,1516,1515]
[1518,1520,1519]
[1522,1523,1521]
[1526,1525,1524]
[1527,1529,1528]
[153,154]
[1532,1530,1531]
[1534,1533,1535]
[1536,1538,1537]
[1540,1539,1541]
[1542,1544,1543]
[1545,1547,1546]
[1548,1549,1550]
[1553,1552,1551]
[1555,1554,1556]
[1558,1557,1559]
[1560,1561,1562]
[1563,1564,1565]
[1567,1568,1566]
[157,156,155]
[1570,1569,1571]
[1572,1573,1574]
[1575,1576,1577]
[1580,1581,1579,1578]
[1582,1583,1585,1584]
[1586,1588,1587]
[1589,1591,1590]
[159,158]
[1592,1594,1593]
[1597,1596,1595]
[1598,1600,1599]
[16,17]
[160,161]
[1602,1601,1603]
[1604,1605,1606]
[1607,1608,1609]
[1611,1612,1610]
[1613,1615,1614]
[1617,1616,1618]
[162,163]
[1620,1621,1619]
[1624,1623,1622]
[1625,1627,1626]
[1630,1629,1628]
[1633,1632,1631]
[1634,1636,1635]
[1639,1637,1638]
[164,165]
[1640,1642,1641]
[1644,1643,1645]
[1646,1648,1647]
[1650,1651,1649]
[1652,1653,1654]
[1657,1655,1656]
[1658,1659,1660]
[1663,1661,1662]
[1665,1666,1664]
[1668,1669,1667]
[167,166]
[1671,1670,1672]
[1675,1673,1674]
[1678,1677,1676]
[168,169]
[1680,1679,1681]
[1684,1682,1683]
[1685,1686,1687]
[1688,1689,1690]
[1692,1691,1693]
[1694,1695,1696]
[1699,1697,1698]
[170,171,172]
[1700,1701,1702,1703]
[1704,1705,1707,1706]
[1709,1710,1711,1708]
[1715,1714,1712,1713]
[1717,1716,1718]
[1720,1721,1719,1722]
[1725,1723,1724]
[1727,1726,1728,1729]
[1733,1730,1732,1731]
[1735,1734,1736]
[174,173]
[1740,1739,1737,1738]
[1741,1743,1744,1742]
[1747,1745,1746,1748]
[1750,1751,1749,1752]
[1755,1756,1753,1754]
[176,177,175]
[1760,1758,1757,1759]
[1763,1764,1762,1761]
[1766,1767,1765,1768]
[1770,1771,1772,1769]
[1775,1776,1773,1774]
[1779,1780,1777,1778]
[178,179,180]
[1784,1783,1785,1781,1782]
[1792,1790,1787,1786,1788,1789,1791]
[1793,1795,1794,1796,1797]
[1801,1800,1799,1798]
[1803,1804,1805,1802]
[1809,1806,1807,1808]
[1812,1813,1810,1811]
[1816,1814,1815,1817]
[182,181]
[1821,1820,1818,1819]
[1823,1824,1825,1822]
[1827,1826,1828,1829]
[1832,1833,1831,1830]
[1835,1834,1836,1837]
[1838,1839,1841,1840]
[184,183]
[1845,1842,1844,1843]
[1846,1848,1847,1849]
[1853,1851,1850,1852]
[1854,1855,1856,1857]
[1861,1859,1860,1858]
[1865,1862,1864,1863]
[1867,1866,1869,1868]
[187,185,186]
[1871,1870,1872,1873]
[1876,1874,1877,1875]
[188,189]
[1881,1878,1879,1880]
[1882,1883,1884,1885]
[1887,1888,1886,1889]
[1891,1893,1892,1890]
[1894,1896,1897,1895]
[19,18]
[1901,1898,1899,1900]
[1904,1902,1905,1903]
[1908,1909,1906,1907]
[191,190]
[1912,1910,1911,1913]
[1917,1916,1914,1915]
[1919,1918,1920,1921]
[192,193]
[1923,1925,1922,1924]
[1928,1927,1926,1929]
[1931,1930,1933,1932]
[1937,1935,1936,1934]
[1939,1940,1941,1938]
[1944,1942,1945,1943]
[1946,1947,1948,1949]
[195,194]
[1950,1953,1952,1951]
[1954,1956,1955,1957]
[1959,1960,1961,1958]
[196,197]
[1963,1962,1964,1965]
[1966,1967,1969,1968]
[1971,1973,1972,1970]
[1974,1975,1976,1977]
[198,199]
[1981,1978,1979,1980]
[1983,1982,1984,1985]
[1986,1987,1989,1988]
[1990,1991,1992,1993]
[1994,1997,1995,1996]
[1999,2001,1998,2000]
[200,201]
[2002,2003,2004,2005]
[2009,2008,2006,2007]
[2013,2010,2011,2012]
[2014,2015,2016,2017]
[2018,2019,2020,2021]
[202,203]
[2023,2024,2025,2022]
[2031,2032,2027,2026,2028,2030,2034,2029,2033]
[205,204]
[206,207]
[208,209]
[21,20]
[211,210]
[213,212]
[214,215]
[216,217]
[219,218]
[22,23]
[221,220]
[223,222]
[224,225]
[227,226]
[228,229]
[231,230]
[233,232]
[234,235]
[236,237]
[238,239]
[24,25]
[241,240]
[242,243]
[245,244]
[247,246]
[248,249]
[251,250]
[252,253]
[255,254]
[256,257]
[258,259]
[26,27]
[261,260]
[263,262]
[265,264]
[267,266]
[269,268]
[270,271]
[273,272]
[274,275]
[276,277]
[278,279]
[28,29]
[280,281]
[283,282]
[284,285]
[287,286]
[288,289]
[291,290]
[292,293,294]
[296,295]
[298,297]
[30,31]
[300,299]
[302,301]
[305,304,303]
[307,306]
[308,309,310]
[312,311]
[314,315,313]
[316,317,318]
[32,33]
[320,319]
[323,322,321]
[324,325]
[327,326]
[329,330,328]
[332,333,331]
[335,334]
[337,336,338]
[34,35]
[341,339,340]
[343,342,344]
[345,346,347]
[350,349,348]
[353,352,351]
[354,356,355]
[357,359,358]
[360,362,361]
[363,365,364]
[366,368,367]
[37,36]
[371,369,370]
[373,374,372]
[377,376,375]
[378,379,380]
[38,39]
[382,381,383]
[386,385,384]
[387,388,389]
[390,391,392]
[393,395,394]
[397,396,398]
[40,41]
[400,399,401]
[402,404,403]
[405,406,407]
[408,409,410]
[412,411,413]
[415,416,414]
[417,419,418]
[421,422,420]
[425,424,423]
[426,427,428]
[43,42]
[430,431,429]
[432,434,433]
[437,435,436]
[439,440,438]
[44,45]
[442,443,441]
[446,445,444]
[449,447,448]
[450,451,452]
[454,453,455]
[457,456,458]
[46,47]
[461,459,460]
[462,464,463]
[465,467,466]
[469,468,470]
[472,473,471]
[474,476,475]
[479,477,478]
[48,49]
[481,482,480]
[483,484,485]
[487,486,488]
[491,489,490]
[494,493,492]
[497,495,496]
[5,4]
[500,498,499]
[502,501,503]
[504,505,506]
[509,507,508]
[51,50]
[512,511,510]
[513,515,514]
[516,517,518]
[520,521,519]
[523,522,524]
[526,525,527]
[529,530,528]
[53,52]
[531,532,533]
[534,536,535]
[538,537,539]
[54,55]
[541,540,542]
[543,544,545]
[548,546,547]
[549,551,550]
[554,553,552]
[556,555,557]
[558,559,560]
[56,57]
[561,563,562]
[565,564,566]
[568,567,569]
[570,571,572]
[573,574,575]
[577,578,576]
[579,581,580]
[58,59]
[582,584,583]
[587,585,586]
[588,589,590]
[593,592,591]
[595,596,594]
[597,598,599]
[60,61]
[600,601,602]
[605,603,604]
[607,608,606]
[611,609,610]
[613,614,612]
[617,615,616]
[618,619,620]
[623,621,622]
[624,626,625]
[629,628,627]
[63,62]
[631,630,632]
[635,633,634]
[636,637,638]
[64,65]
[640,639,641]
[643,644,642]
[646,647,645]
[650,649,648]
[651,652,653]
[656,655,654]
[658,657,659]
[66,67]
[662,661,660]
[663,665,664]
[668,666,667]
[669,670,671]
[673,674,672]
[676,677,675]
[680,678,679]
[681,683,682]
[684,685,686]
[687,689,688]
[69,68]
[692,690,691]
[694,693,695]
[697,696,698]
[699,701,700]
[7,6]
[703,702,704]
[705,706,707]
[708,710,709]
[71,70]
[711,712,713]
[714,715,716]
[719,717,718]
[72,73]
[721,720,722]
[725,723,724]
[727,728,726]
[731,730,729]
[732,734,733]
[736,735,737]
[739,740,738]
[741,742,743]
[746,744,745]
[748,749,747]
[75,74]
[750,751,752]
[753,755,754]
[757,756,758]
[761,759,760]
[762,763,764]
[765,767,766]
[769,770,768]
[77,76]
[771,772,773]
[774,776,775]
[779,777,778]
[78,79]
[781,780,782]
[783,784,785]
[786,787,788]
[790,791,789]
[794,792,793]
[797,795,796]
[800,798,799]
[803,802,801]
[806,804,805]
[808,807,809]
[81,80]
[811,812,810]
[813,814,815]
[817,818,816]
[820,821,819]
[824,823,822]
[825,826,827]
[829,828,830]
[83,82]
[831,832,833]
[836,834,835]
[837,838,839]
[84,85]
[842,840,841]
[844,845,843]
[847,848,846]
[849,850,851]
[852,854,853]
[856,857,855]
[858,859,860]
[862,863,861]
[865,864,866]
[867,868,869]
[87,86]
[872,870,871]
[875,873,874]
[876,877,878]
[881,879,880]
[882,883,884]
[887,885,886]
[89,88]
[890,889,888]
[891,893,892]
[896,895,894]
[899,898,897]
[9,8]
[90,91]
[900,901,902]
[905,904,903]
[906,907,908]
[909,911,910]
[912,914,913]
[915,917,916]
[92,94,93]
[920,918,919]
[922,923,921]
[925,926,924]
[928,927,929]
[930,932,931]
[933,935,934]
[937,938,936]
[939,940,941]
[943,944,942]
[947,945,946]
[949,948,950]
[95,96]
[953,951,952]
[954,956,955]
[958,959,957]
[960,961,962]
[964,965,963]
[967,968,966]
[969,970,971]
[97,98]
[972,974,973]
[977,976,975]
[978,980,979]
[982,981,983]
[986,985,984]
[989,988,987]
[992,990,991]
[994,995,993]
[997,998,996]
[999,1000,1001]
