Fail to parse DAS record=map[das:map[expire:1588417840 instance:prod/global primary_key:lumi.number record:1 services:[dbs3:runsummaries]] lumi:[map[max_lumi:1382]] qhash:058f9f200db61dd14ccc17bb195cb51a], keys=[lumi [0] number], error=Key path not found
Fail to parse DAS record=map[das:map[expire:1588417840 instance:prod/global primary_key:lumi.number record:1 services:[dbs3:runsummaries]] lumi:[map[max_lumi:1382]] qhash:058f9f200db61dd14ccc17bb195cb51a], keys=[lumi [0] number], error=Key path not found
[1,5,2,3,4]
[1001,1003,1004,1005,1002]
[1010,1008,1007,1006,1009]
[1014,1011,1012,1013,1015]
[1019,1016,1017,1018,1020]
[1025,1023,1021,1022,1024]
[1029,1027,1026,1028,1030]
[1035,1034,1031,1032,1033]
[1038,1039,1037,1040,1036]
[104,105,102,101,103]
[1045,1044,1042,1041,1043]
[1048,1046,1047,1049,1050]
[1051,1054,1053,1052,1055]
[1056,1059,1060,1058,1057]
[1062,1064,1063,1061,1065]
[1066,1069,1067,1068,1070]
[107,110,109,106,108]
[1075,1073,1071,1072,1074]
[1076,1079,1077,1078,1080]
[1081,1082,1083,1085,1084]
[1087,1090,1086,1088,1089]
[1093,1094,1095,1091,1092]
[1100,1098,1096,1099,1097]
[1102,1101,1105,1104,1103]
[1106,1108,1109,1110,1107]
[1115,1114,1112,1113,1111]
[1117,1119,1120,1116,1118]
[1121,1125,1122,1124,1123]
[1129,1127,1128,1130,1126]
[1132,1134,1131,1133,1135]
[1136,1138,1139,1137,1140]
[1141,1145,1144,1142,1143]
[1149,1147,1148,1150,1146]
[115,114,112,113,111]
[1154,1153,1155,1151,1152]
[1158,1160,1159,1156,1157]
[1161,1162,1163,1164,1165]
[1166,1167,1168,1170,1169]
[1171,1172,1175,1174,1173]
[1178,1176,1177,1179,1180]
[118,119,120,117,116]
[1181,1183,1185,1184,1182]
[1190,1186,1188,1189,1187]
[1194,1192,1195,1191,1193]
[1200,1196,1197,1198,1199]
[1201,1203,1205,1204,1202]
[1207,1209,1206,1208,1210]
[1212,1215,1214,1211,1213]
[1219,1217,1220,1216,1218]
[1222,1223,1225,1221,1224]
[1229,1230,1227,1226,1228]
[1231,1233,1235,1234,1232]
[1236,1237,1240,1238,1239]
[1245,1242,1243,1241,1244]
[1247,1248,1250,1246,1249]
[125,123,124,122,121]
[1254,1251,1252,1255,1253]
[1256,1258,1260,1257,1259]
[1261,1264,1265,1262,1263]
[1268,1267,1269,1270,1266]
[1275,1272,1273,1271,1274]
[128,127,126,130,129]
[1280,1278,1279,1276,1277]
[1282,1283,1281,1284,1285]
[1287,1288,1289,1286,1290]
[1294,1293,1291,1295,1292]
[1300,1298,1299,1296,1297]
[1304,1302,1305,1303,1301]
[1307,1310,1308,1309,1306]
[131,135,134,132,133]
[1313,1312,1314,1315,1311]
[1316,1317,1318,1319,1320]
[1325,1321,1324,1322,1323]
[1327,1329,1330,1328,1326]
[1334,1335,1332,1331,1333]
[1339,1337,1338,1340,1336]
[1345,1343,1342,1344,1341]
[1350,1346,1347,1348,1349]
[1355,1351,1353,1352,1354]
[1358,1356,1359,1357,1360]
[1364,1361,1365,1363,1362]
[1367,1373,1369,1372,1366,1370,1368,1371]
[137,139,138,136,140]
[1378,1376,1377,1380,1374,1375,1381,1382,1379]
[14,15,12,11,13]
[143,145,141,144,142]
[150,148,146,147,149]
[152,154,153,151,155]
[156,159,160,157,158]
[161,163,165,162,164]
[169,170,168,167,166]
[174,175,173,171,172]
[178,176,177,179,180]
[181,182,183,184,185]
[188,190,186,187,189]
[194,195,192,193,191]
[199,197,200,196,198]
[20,19,16,17,18]
[203,204,205,202,201]
[208,209,206,207,210]
[215,211,212,213,214]
[219,217,218,216,220]
[223,224,225,222,221]
[227,230,228,226,229]
[234,232,231,235,233]
[240,236,238,237,239]
[241,245,243,244,242]
[25,23,22,21,24]
[250,246,248,249,247]
[255,251,252,254,253]
[256,257,259,260,258]
[26,29,28,27,30]
[262,263,265,264,261]
[267,270,269,268,266]
[274,271,273,275,272]
[279,277,276,278,280]
[281,282,283,284,285]
[288,286,289,290,287]
[295,292,294,291,293]
[297,299,300,296,298]
[303,305,302,301,304]
[308,309,310,307,306]
[312,313,311,314,315]
[319,320,316,317,318]
[32,35,34,31,33]
[321,324,323,322,325]
[327,326,328,330,329]
[331,333,332,334,335]
[337,336,339,340,338]
[343,344,341,342,345]
[350,348,346,347,349]
[355,352,351,353,354]
[357,360,358,359,356]
[361,365,363,364,362]
[367,370,366,368,369]
[37,38,39,36,40]
[372,375,373,374,371]
[377,376,380,378,379]
[384,385,383,381,382]
[390,387,388,389,386]
[391,394,395,392,393]
[397,399,400,396,398]
[402,404,403,405,401]
[407,410,406,408,409]
[413,414,411,412,415]
[416,418,419,417,420]
[425,423,421,422,424]
[429,428,427,430,426]
[431,434,432,433,435]
[436,437,439,438,440]
[44,42,41,43,45]
[443,445,442,441,444]
[450,449,446,447,448]
[452,453,454,451,455]
[456,457,459,460,458]
[464,461,463,465,462]
[467,468,466,469,470]
[47,50,48,46,49]
[472,473,474,475,471]
[478,480,477,476,479]
[482,485,481,484,483]
[489,490,486,488,487]
[491,494,495,492,493]
[496,499,500,497,498]
[502,503,504,505,501]
[507,508,509,506,510]
[513,514,512,511,515]
[518,520,516,517,519]
[523,524,522,521,525]
[526,528,530,527,529]
[533,534,531,535,532]
[537,538,536,539,540]
[54,52,53,55,51]
[544,541,542,545,543]
[546,549,548,550,547]
[551,554,555,552,553]
[559,557,558,560,556]
[562,564,565,563,561]
[566,568,567,570,569]
[572,573,571,575,574]
[577,579,576,578,580]
[582,584,583,581,585]
[587,589,588,590,586]
[59,56,58,57,60]
[591,592,594,595,593]
[598,597,600,599,596]
[601,604,602,605,603]
[607,609,610,606,608]
[611,612,614,613,615]
[619,616,618,617,620]
[622,625,621,623,624]
[627,628,626,630,629]
[63,64,65,61,62]
[633,635,632,634,631]
[636,637,639,638,640]
[643,641,642,644,645]
[649,647,648,650,646]
[651,653,654,655,652]
[660,657,659,658,656]
[665,663,662,664,661]
[667,668,669,666,670]
[673,671,672,675,674]
[677,676,678,680,679]
[68,66,70,69,67]
[681,682,685,683,684]
[686,689,688,687,690]
[692,694,691,693,695]
[698,699,696,700,697]
[704,701,705,702,703]
[710,706,707,708,709]
[714,711,713,712,715]
[719,716,717,718,720]
[721,723,724,722,725]
[729,730,728,726,727]
[73,75,71,74,72]
[731,732,733,735,734]
[740,736,737,738,739]
[743,745,742,744,741]
[746,748,750,747,749]
[752,751,754,755,753]
[760,757,756,758,759]
[765,762,764,761,763]
[769,767,766,770,768]
[774,772,775,771,773]
[779,778,776,780,777]
[78,79,80,76,77]
[783,784,781,785,782]
[789,786,787,788,790]
[794,791,792,793,795]
[796,799,797,798,800]
[805,801,802,803,804]
[806,809,810,807,808]
[811,813,812,814,815]
[819,816,817,818,820]
[821,823,825,824,822]
[829,830,827,826,828]
[833,834,835,831,832]
[839,837,840,838,836]
[844,842,843,841,845]
[847,850,849,846,848]
[85,82,83,84,81]
[851,853,855,854,852]
[857,858,860,859,856]
[86,88,87,90,89]
[862,863,861,864,865]
[870,869,866,867,868]
[875,873,874,871,872]
[879,878,880,876,877]
[881,882,884,885,883]
[890,886,888,887,889]
[892,893,891,895,894]
[898,900,896,897,899]
[9,8,10,6,7]
[901,902,903,904,905]
[908,910,907,906,909]
[912,914,913,911,915]
[917,919,918,920,916]
[925,923,922,921,924]
[927,928,929,930,926]
[932,935,931,933,934]
[939,936,938,940,937]
[944,943,942,945,941]
[947,950,946,949,948]
[95,93,91,94,92]
[952,951,953,955,954]
[956,959,958,957,960]
[96,100,99,98,97]
[963,965,961,962,964]
[968,970,969,966,967]
[972,971,973,974,975]
[976,978,979,980,977]
[981,984,982,983,985]
[989,990,988,986,987]
[992,995,991,993,994]
[998,1000,996,999,997]
