Fail to parse DAS record=map[das:map[expire:1588416834 instance:prod/global primary_key:lumi.number record:1 services:[dbs3:runsummaries]] lumi:[map[max_lumi:1069]] qhash:48cf0012cfddbf023d2c27401e228a74], keys=[lumi [0] number], error=Key path not found
Fail to parse DAS record=map[das:map[expire:1588416834 instance:prod/global primary_key:lumi.number record:1 services:[dbs3:runsummaries]] lumi:[map[max_lumi:1069]] qhash:48cf0012cfddbf023d2c27401e228a74], keys=[lumi [0] number], error=Key path not found
[1021,1027,1028,1040,1048,1055,1008,1022,1038,1039,1062,1066,1034,1037,1041,1047,1049,1053,1054,1058,1061,1068,1010,1016,1019,1033,1045,1050,1011,1023,1030,1042,1051,1052,1064,1013,1018,1020,1025,1029,1031,1032,1036,1046,1057,1063,1067,1069,1009,1015,1024,1026,1035,1044,1060,1012,1014,1017,1043,1056,1059,1065]
[126,130,141,147,168,170,123,124,125,133,148,154,156,167,176,180,182,137,146,159,164,174,177,178,179,134,139,145,149,150,152,155,157,161,165,169,173,127,136,138,140,142,143,151,153,172,128,129,162,131,135,158,163,166,171,175,132,144,160,181]
[18,23,25,26,28,31,37,39,47,56,8,15,21,24,29,38,48,50,55,60,11,36,42,49,57,14,16,20,22,30,53,4,45,52,54,3,9,12,13,34,35,51,5,6,10,17,32,40,43,44,59,61,7,19,27,33,41,46,58,62]
[193,196,200,217,219,224,225,228,235,238,191,203,204,207,222,223,234,241,190,194,214,232,236,183,185,188,197,221,231,184,201,205,210,211,212,226,227,230,239,186,189,192,195,199,202,206,208,209,218,229,240,187,215,216,233,237,198,213,220,242]
[254,265,268,273,277,287,291,296,297,300,243,251,262,269,289,292,298,250,278,279,280,290,301,302,246,247,259,264,272,275,281,244,249,271,283,284,295,299,304,252,255,261,263,274,282,285,248,260,266,267,270,286,288,294,245,253,256,257,258,276,293,303]
[305,310,311,326,329,335,336,309,312,315,318,323,327,342,344,346,347,348,349,351,358,361,307,314,322,333,340,343,353,357,359,306,308,313,319,320,321,330,362,328,345,360,363,366,367,317,324,331,332,334,352,354,364,337,355,365,316,325,338,339,341,350,356]
[371,396,402,415,420,421,428,370,380,384,386,403,405,423,387,393,399,400,412,413,416,419,422,429,418,424,426,427,368,378,383,388,391,408,414,373,377,382,389,395,401,404,410,411,425,372,375,376,379,381,385,394,397,409,417,369,374,390,392,398,406,407]
[434,447,453,456,466,468,475,470,477,480,488,492,435,436,441,445,448,452,467,471,489,439,444,454,455,460,464,465,479,487,490,432,433,450,457,462,472,481,482,483,484,431,458,459,463,476,478,485,486,491,430,437,438,442,446,451,469,440,443,449,461,473,474]
[493,505,518,519,524,542,543,545,549,552,497,503,508,520,522,530,541,494,513,517,535,539,544,547,548,551,496,498,499,515,527,495,500,501,507,510,538,512,516,523,529,540,553,509,526,528,531,554,555,502,504,506,511,514,521,525,532,533,534,536,537,546,550]
[556,559,562,566,584,588,603,610,614,563,572,574,585,592,600,608,611,564,565,583,593,595,599,601,605,609,568,570,573,580,581,582,586,612,558,560,579,597,598,615,557,567,569,571,575,587,590,606,617,618,561,577,578,591,616,576,589,594,596,602,604,607,613,619]
[620,621,642,657,661,662,668,669,670,678,680,682,629,630,644,647,654,671,683,684,686,655,659,660,663,666,676,624,627,635,640,643,648,649,672,675,677,622,631,632,638,641,645,651,667,625,628,633,639,652,674,679,685,634,636,637,646,653,656,658,673,681,687,623,626,650,664,665]
[65,68,79,87,101,103,113,66,67,72,83,105,108,112,114,78,81,93,95,99,70,73,82,85,89,98,102,117,63,76,77,84,86,100,104,115,120,69,74,96,97,107,109,111,116,121,64,71,80,91,106,122,75,88,90,92,94,110,118,119]
[699,704,706,711,715,716,726,728,741,747,701,705,707,714,718,721,723,730,692,696,700,702,719,731,732,739,694,708,710,736,695,697,703,712,720,727,734,743,746,748,749,751,690,693,709,722,725,729,735,744,688,689,691,698,713,738,740,750,717,724,733,737,742,745]
[753,765,766,777,798,802,814,768,772,782,790,791,793,795,805,752,759,760,764,771,775,776,801,804,808,811,812,815,767,769,785,786,787,788,789,806,807,755,761,763,784,796,756,770,780,783,797,800,809,754,762,773,774,778,779,792,803,810,757,758,781,794,799,813]
[817,819,820,822,826,829,869,818,836,837,851,856,868,873,876,824,833,844,850,879,835,839,846,855,857,860,861,866,878,828,830,832,843,848,853,865,872,821,823,827,831,841,842,862,867,870,816,825,834,838,845,847,849,858,859,871,874,877,840,852,854,863,864,875]
[884,905,911,918,927,930,931,936,941,885,886,889,893,903,906,910,915,920,880,896,916,917,937,882,894,895,909,921,933,939,890,892,898,902,922,923,925,934,938,883,887,897,900,904,907,908,912,924,928,888,899,926,929,932,935,940,943,881,891,901,913,914,919,942]
[954,963,969,980,983,990,992,1001,950,962,966,972,982,984,989,998,1005,946,953,964,967,971,973,975,981,1000,1003,944,947,965,968,976,994,996,997,999,951,952,956,957,958,986,988,1002,1006,961,977,985,993,995,955,979,987,1004,1007,945,948,949,959,960,970,974,978,991]
