Fail to parse DAS record=map[das:map[expire:1588417583 instance:prod/global primary_key:lumi.number record:1 services:[dbs3:runsummaries]] lumi:[map[max_lumi:1748]] qhash:52360d06b175c5eb0cdd91ab10529be5], keys=[lumi [0] number], error=Key path not found
Fail to parse DAS record=map[das:map[expire:1588417583 instance:prod/global primary_key:lumi.number record:1 services:[dbs3:runsummaries]] lumi:[map[max_lumi:1748]] qhash:52360d06b175c5eb0cdd91ab10529be5], keys=[lumi [0] number], error=Key path not found
[1001,1000]
[1003,1002]
[1004,1005]
[1007,1006]
[1009,1008]
[100]
[1011,1010]
[1013,1012]
[1014,1015]
[1016,1017]
[1018,1019]
[101]
[1021,1020]
[1022,1023]
[1024,1025]
[1026,1027]
[1028,1029]
[102]
[1030,1031]
[1032,1033]
[1035,1034]
[1037,1036]
[1039,1038]
[103]
[1040,1041]
[1043,1042]
[1044,1045]
[1046,1047]
[1048,1049]
[104]
[1051,1050]
[1052,1053]
[1054,1055]
[1056,1057]
[1058,1059]
[105]
[1060,1061]
[1062,1063]
[1065,1064]
[1066,1067]
[1068,1069]
[106]
[1071,1070]
[1073,1072]
[1074,1075]
[1076,1077]
[1079,1078]
[107]
[1081,1080]
[1083,1082]
[1084,1085]
[1086,1087]
[1089,1088]
[108]
[1090,1091]
[1093,1092]
[1094,1095]
[1097,1096]
[1099,1098]
[109]
[10]
[1100,1101]
[1103,1102]
[1104,1105]
[1106,1107]
[1108,1109]
[110]
[1110,1111]
[1113,1112]
[1114,1115]
[1117,1116]
[1119,1118]
[111]
[1120,1121]
[1122,1123]
[1124,1125]
[1127,1126]
[1128,1129]
[112]
[1130,1131]
[1133,1132]
[1134,1135]
[1136,1137]
[1139,1138]
[113]
[1141,1140]
[1142,1143]
[1145,1144]
[1146,1147]
[1148,1149]
[114]
[1150,1151]
[1153,1152]
[1154,1155]
[1156,1157]
[1159,1158]
[115]
[1161,1160]
[1162,1163]
[1165,1164]
[1167,1166]
[1168,1169]
[116]
[1170,1171]
[1172,1173]
[1174,1175]
[1177,1176]
[1179,1178]
[117]
[1180,1181]
[1182,1183]
[1184,1185]
[1187,1186]
[1188,1189]
[118]
[1191,1190]
[1192,1193]
[1194,1195]
[1196,1197]
[1199,1198]
[119]
[11]
[120,121]
[1201,1200]
[1202,1203]
[1204,1205]
[1206,1207]
[1209,1208]
[1211,1210]
[1212,1213]
[1215,1214]
[1217,1216]
[1219,1218]
[122,123]
[1220,1221]
[1223,1222]
[1225,1224]
[1226,1227]
[1228,1229]
[1231,1230]
[1233,1232]
[1234,1235]
[1237,1236]
[1239,1238]
[1240,1241]
[1242,1243]
[1245,1244]
[1246,1247]
[1249,1248]
[124]
[1250,1251]
[1252,1253]
[1254,1255]
[1256,1257]
[1258,1259]
[125]
[1261,1260]
[1262,1263]
[1264,1265]
[1267,1266]
[1269,1268]
[126]
[1270,1271]
[1273,1272]
[1275,1274]
[1276,1277]
[1278,1279]
[127]
[1280,1281]
[1283,1282]
[1285,1284]
[1286,1287]
[1288,1289]
[128]
[1290,1291]
[1292,1293]
[1295,1294]
[1296,1297]
[1299,1298]
[129]
[12]
[1301,1300]
[1303,1302]
[1305,1304]
[1307,1306]
[1308,1309]
[130]
[1311,1310]
[1312,1313]
[1314,1315]
[1316,1317]
[1319,1318]
[131]
[1320,1321]
[1323,1322]
[1324,1325]
[1326,1327]
[1328,1329]
[132]
[1330,1331]
[1333,1332]
[1335,1334]
[1337,1336]
[1338,1339]
[133]
[1341,1340]
[1342,1343]
[1344,1345]
[1346,1347]
[1348,1349]
[134]
[1350,1351]
[1353,1352]
[1355,1354]
[1356,1357]
[1359,1358]
[135]
[1360,1361]
[1362,1363]
[1365,1364]
[1366,1367]
[1369,1368]
[136]
[1370,1371]
[1372,1373]
[1374,1375]
[1376,1377]
[1379,1378]
[137]
[1380,1381]
[1382,1383]
[1385,1384]
[1386,1387]
[1388,1389]
[138]
[1391,1390]
[1392,1393]
[1394,1395]
[1396,1397]
[1398,1399]
[139]
[13]
[1401,1400]
[1402,1403]
[1405,1404]
[1406,1407]
[1408,1409]
[140]
[1411,1410]
[1412,1413]
[1414,1415]
[1416,1417]
[1418,1419]
[141]
[1421,1420]
[1422,1423]
[1425,1424]
[1427,1426]
[1428,1429]
[142]
[1430,1431]
[1432,1433]
[1434,1435]
[1437,1436]
[1438,1439]
[143]
[1440,1441]
[1442,1443]
[1444,1445]
[1446,1447]
[1449,1448]
[144]
[1450,1451]
[1453,1452]
[1455,1454]
[1456,1457]
[1458,1459]
[145]
[1460,1461]
[1463,1462]
[1464,1465]
[1467,1466]
[1468,1469]
[146]
[1471,1470]
[1472,1473]
[1474,1475]
[1476,1477]
[1478,1479]
[147]
[1480,1481]
[1482,1483]
[1485,1484]
[1487,1486]
[1489,1488]
[148]
[1491,1490]
[1492,1493]
[1495,1494]
[1496,1497]
[1499,1498]
[149]
[14]
[1500,1501]
[1502,1503]
[1504,1505]
[1506,1507]
[1509,1508]
[150]
[1511,1510]
[1513,1512]
[1514,1515]
[1517,1516]
[1518,1519]
[151]
[1520,1521]
[1523,1522]
[1525,1524]
[1526,1527]
[1528,1529]
[152]
[1531,1530]
[1533,1532]
[1535,1534]
[1536,1537]
[1538,1539]
[153]
[1540,1541]
[1543,1542]
[1544,1545]
[1546,1547]
[1548,1549]
[154]
[1550,1551]
[1553,1552]
[1555,1554]
[1556,1557]
[1559,1558]
[155]
[1561,1560]
[1562,1563]
[1564,1565]
[1566,1567]
[1568,1569]
[156]
[1571,1570]
[1573,1572]
[1574,1575]
[1577,1576]
[1578,1579]
[157]
[1580,1581]
[1582,1583]
[1584,1585]
[1586,1587]
[1588,1589]
[158]
[1590,1591]
[1592,1593]
[1595,1594]
[1596,1597]
[1598,1599]
[159]
[15]
[1600,1601]
[1602,1603]
[1604,1605]
[1606,1607]
[1608,1609]
[160]
[1611,1610]
[1612,1613]
[1614,1615]
[1617,1616]
[1619,1618]
[161]
[1621,1620]
[1622,1623]
[1624,1625]
[1626,1627]
[1628,1629]
[162]
[1631,1630]
[1633,1632]
[1635,1634]
[1636,1637]
[1639,1638]
[163]
[1640,1641]
[1643,1642]
[1644,1645]
[1646,1647]
[1648,1649]
[164]
[1650,1651]
[1653,1652]
[1654,1655]
[1657,1656]
[1659,1658]
[165]
[1660,1661]
[1663,1662]
[1664,1666,1665]
[1667,1668]
[1669,1670]
[166]
[1671,1672]
[1674,1673]
[1675,1676]
[1677,1678]
[167]
[1680,1679]
[1682,1681]
[1683,1684]
[1686,1685]
[1688,1687]
[168]
[1690,1689]
[1692,1691]
[1694,1693]
[1695,1696]
[1697,1698]
[169]
[16]
[1700,1699]
[1702,1701]
[1703,1704]
[1705,1706]
[1708,1707]
[170]
[1710,1709]
[1712,1711]
[1713,1714]
[1716,1715]
[1717,1718]
[171]
[1720,1719]
[1721,1722]
[1724,1723]
[1726,1725]
[1728,1727]
[1729,1730]
[172]
[1731,1732]
[1734,1733]
[1735,1736]
[1737,1738]
[1739,1740]
[173]
[1742,1741]
[1743,1744]
[1746,1745]
[1747,1748]
[174]
[175]
[176]
[177]
[178]
[179]
[17]
[180]
[181]
[182]
[183]
[184]
[185]
[186]
[187]
[188]
[189,190]
[18]
[191]
[192]
[193]
[194]
[195]
[196]
[197]
[198]
[199]
[19]
[1]
[200]
[201]
[202]
[203]
[204]
[205]
[206]
[207]
[208]
[209]
[20]
[210]
[211]
[212]
[213]
[214]
[215]
[216]
[217]
[218]
[219]
[21]
[220]
[221]
[222]
[223]
[224]
[225]
[226]
[227]
[228]
[229]
[22]
[230]
[231]
[232]
[233]
[234]
[235]
[236]
[237]
[238]
[239]
[23]
[240]
[241]
[242]
[243]
[244]
[245]
[246]
[247]
[248]
[249]
[24]
[250]
[251]
[252]
[253]
[254]
[255]
[256]
[257]
[258]
[259]
[25]
[260]
[261]
[262]
[263]
[264]
[265]
[266]
[267]
[268]
[269]
[26]
[270]
[271]
[272]
[273]
[274]
[275]
[276]
[277]
[278]
[279]
[27]
[280]
[281]
[282]
[283]
[284]
[285]
[286]
[287]
[288]
[289]
[28]
[290]
[291]
[292]
[293]
[294]
[295]
[296]
[297]
[298]
[299]
[29]
[2]
[300]
[301]
[302]
[303]
[304]
[305]
[306]
[307]
[308]
[309]
[30]
[310]
[311]
[312]
[313]
[314]
[315]
[316]
[317]
[318]
[319]
[31]
[320]
[321]
[322]
[323]
[324]
[325]
[326]
[327]
[328]
[329]
[32]
[330]
[331]
[332]
[333]
[334]
[335]
[336]
[337]
[338]
[339]
[33]
[340]
[341]
[342]
[343]
[344]
[345]
[346]
[347]
[348]
[349]
[34]
[350]
[351]
[352]
[353]
[354]
[355]
[356]
[357]
[358]
[359]
[35]
[360]
[361]
[362]
[363]
[364]
[365]
[366]
[367]
[368]
[369]
[36]
[370]
[371]
[372]
[373]
[374]
[375]
[376]
[377]
[378]
[379]
[37]
[380]
[381]
[382]
[383]
[384]
[385]
[386]
[387]
[388]
[389]
[38]
[390]
[391]
[392]
[393]
[394]
[395]
[396]
[397]
[398]
[399]
[39]
[3]
[400]
[401]
[402]
[403]
[404]
[405]
[406]
[407]
[408]
[409]
[40]
[410]
[411]
[412]
[413]
[414]
[415]
[416]
[417]
[418]
[419]
[41]
[420]
[421]
[422]
[423]
[424]
[425]
[426]
[427]
[428]
[429]
[42]
[430]
[431]
[432]
[433]
[434]
[435]
[436]
[437]
[438,439]
[43]
[440]
[441]
[442]
[443]
[444]
[445]
[446]
[447,448]
[449]
[44]
[450]
[451]
[452]
[453]
[454]
[455]
[456]
[457]
[458]
[459,460]
[45]
[461,462]
[463]
[464]
[465,466]
[467]
[468,469]
[46]
[471,470]
[472]
[473]
[475,474]
[476,477]
[479,478]
[47]
[480,481]
[483,482]
[484,485]
[486,487]
[488,489]
[48]
[491,490]
[493,492]
[495,494]
[496,497]
[498,499]
[49]
[4]
[500,501]
[502,503]
[504,505]
[506,507]
[508,509]
[50]
[510,511]
[512,513]
[514,515]
[516,517]
[518,519]
[51]
[520,521]
[523,522]
[524,525]
[527,526]
[528,529]
[52]
[531,530]
[532,533]
[535,534]
[536,537]
[538,539]
[53]
[541,540]
[543,542]
[545,544]
[546,547]
[548,549]
[54]
[550,551]
[553,552]
[554,555]
[557,556]
[559,558]
[55]
[561,560]
[563,562]
[565,564]
[566,567]
[568,569]
[56]
[571,570]
[572,573]
[575,574]
[576,577]
[578,579]
[57]
[581,580]
[582,583]
[584,585]
[586,587]
[589,588]
[58]
[590,591]
[593,592]
[594,595]
[597,596]
[598,599]
[59]
[5]
[600,601]
[602,603]
[604,605]
[606,607]
[609,608]
[60]
[610,611]
[612,613]
[615,614]
[616,617]
[618,619]
[61]
[621,620]
[623,622]
[625,624]
[627,626]
[628,629]
[62]
[630,631]
[632,633]
[634,635]
[636,637]
[639,638]
[63]
[640,641]
[643,642]
[644,645]
[646,647]
[648,649]
[64]
[650,651]
[652,653]
[654,655]
[656,657]
[658,659]
[65]
[660,661]
[662,663]
[665,664]
[666,667]
[669,668]
[66]
[671,670]
[672,673]
[674,675]
[677,676]
[679,678]
[67]
[680,681]
[682,683]
[684,685]
[686,687]
[689,688]
[68]
[691,690]
[693,692]
[695,694]
[697,696]
[699,698]
[69]
[6]
[701,700]
[702,703]
[704,705]
[706,707]
[708,709]
[70]
[711,710]
[712,713]
[715,714]
[716,717]
[718,719]
[71]
[721,720]
[722,723]
[725,724]
[726,727]
[729,728]
[72]
[730,731]
[732,733]
[735,734]
[737,736]
[738,739]
[73]
[740,741]
[743,742]
[745,744]
[746,747]
[748,749]
[74]
[750,751]
[753,752]
[754,755]
[756,757]
[759,758]
[75]
[761,760]
[763,762]
[765,764]
[766,767]
[768,769]
[76]
[771,770]
[772,773]
[774,775]
[777,776]
[778,779]
[77]
[780,781]
[782,783]
[785,784]
[786,787]
[789,788]
[78]
[790,791]
[793,792]
[795,794]
[797,796]
[799,798]
[79]
[7]
[801,800]
[802,803]
[805,804]
[807,806]
[809,808]
[80]
[810,811]
[813,812]
[815,814]
[817,816]
[819,818]
[81]
[821,820]
[822,823]
[824,825]
[826,827]
[829,828]
[82]
[830,831]
[832,833]
[834,835]
[837,836]
[839,838]
[83]
[840,841]
[842,843]
[844,845]
[847,846]
[848,849]
[84]
[851,850]
[852,853]
[854,855]
[856,857]
[859,858]
[85]
[861,860]
[863,862]
[865,864]
[866,867]
[868,869]
[86]
[870,871]
[872,873]
[874,875]
[877,876]
[879,878]
[87]
[880,881]
[882,883]
[885,884]
[886,887]
[889,888]
[88]
[891,890]
[893,892]
[895,894]
[896,897]
[899,898]
[89]
[8]
[900,901]
[903,902]
[905,904]
[906,907]
[909,908]
[90]
[911,910]
[912,913]
[914,915]
[916,917]
[919,918]
[91]
[920,921]
[923,922]
[924,925]
[927,926]
[928,929]
[92]
[930,931]
[932,933]
[935,934]
[937,936]
[938,939]
[93]
[940,941]
[943,942]
[945,944]
[946,947]
[948,949]
[94]
[951,950]
[952,953]
[954,955]
[956,957]
[958,959]
[95]
[960,961]
[962,963]
[965,964]
[966,967]
[968,969]
[96]
[971,970]
[972,973]
[974,975]
[977,976]
[979,978]
[97]
[980,981]
[982,983]
[984,985]
[987,986]
[988,989]
[98]
[991,990]
[992,993]
[994,995]
[997,996]
[998,999]
[99]
[9]
