Fail to parse DAS record=map[das:map[expire:1588417482 instance:prod/global primary_key:lumi.number record:1 services:[dbs3:runsummaries]] lumi:[map[max_lumi:1418]] qhash:93612ffdfe61bf26b2845035d4a89849], keys=[lumi [0] number], error=Key path not found
Fail to parse DAS record=map[das:map[expire:1588417482 instance:prod/global primary_key:lumi.number record:1 services:[dbs3:runsummaries]] lumi:[map[max_lumi:1418]] qhash:93612ffdfe61bf26b2845035d4a89849], keys=[lumi [0] number], error=Key path not found
[1000]
[1001]
[1002]
[1003]
[1004]
[1005]
[1006]
[1007]
[1008]
[1009]
[100]
[1010]
[1011]
[1012]
[1013]
[1014]
[1015]
[1016]
[1017]
[1018]
[1019]
[101]
[1020]
[1021]
[1022]
[1023]
[1024]
[1025]
[1026]
[1027]
[1028]
[1029]
[102]
[1030]
[1031]
[1032]
[1033]
[1034]
[1035]
[1036]
[1037]
[1038]
[1039]
[103]
[1040]
[1041]
[1042]
[1043]
[1044]
[1045]
[1046]
[1047]
[1048]
[1049]
[104]
[1050]
[1051]
[1052]
[1053]
[1054]
[1055]
[1056]
[1057]
[1058]
[1059]
[105]
[1060]
[1061]
[1062]
[1063]
[1064]
[1065]
[1066]
[1067]
[1068]
[1069]
[106]
[1070]
[1071]
[1072]
[1073]
[1074]
[1075]
[1076]
[1077]
[1078]
[1079]
[107]
[1080]
[1081]
[1082]
[1083]
[1084]
[1085]
[1086]
[1087]
[1088]
[1089]
[108]
[1090]
[1091]
[1092]
[1093]
[1094]
[1095]
[1096]
[1097]
[1098]
[1099]
[109]
[1100]
[1101]
[1102]
[1103]
[1104]
[1105]
[1106]
[1107]
[1108]
[1109]
[110]
[1110]
[1111]
[1112]
[1113]
[1114]
[1115]
[1116]
[1117]
[1118]
[1119]
[111]
[1120]
[1121]
[1122]
[1123]
[1124]
[1125]
[1126]
[1127]
[1128]
[1129]
[112]
[1130]
[1131]
[1132]
[1133]
[1134]
[1135]
[1136]
[1137]
[1138]
[1139]
[113]
[1140]
[1141]
[1142]
[1143]
[1144]
[1145]
[1146]
[1147]
[1148]
[1149]
[114]
[1150]
[1151]
[1152]
[1153]
[1154]
[1155]
[1156]
[1157]
[1158]
[1159]
[115]
[1160]
[1161]
[1162]
[1163]
[1164]
[1165]
[1166]
[1167]
[1168]
[1169]
[116]
[1170]
[1171]
[1172]
[1173]
[1174]
[1175]
[1176]
[1177]
[1178]
[1179]
[117]
[1180]
[1181]
[1182]
[1183]
[1184]
[1185]
[1186]
[1187]
[1188]
[1189]
[118]
[1190]
[1191]
[1192]
[1193]
[1194]
[1195]
[1196]
[1197]
[1198]
[1199]
[119]
[1200]
[1201]
[1202]
[1203]
[1204]
[1205]
[1206]
[1207]
[1208]
[1209]
[120]
[1210]
[1211]
[1212]
[1213]
[1214]
[1215]
[1216]
[1217]
[1218]
[1219]
[121]
[1220]
[1221]
[1222]
[1223]
[1224]
[1225]
[1226]
[1227]
[1228]
[1229]
[122]
[1230]
[1231]
[1232]
[1233]
[1234]
[1235]
[1236]
[1237]
[1238]
[1239]
[123]
[1240]
[1241]
[1242]
[1243]
[1244]
[1245]
[1246]
[1247]
[1248]
[1249]
[124]
[1250]
[1251]
[1252]
[1253]
[1254]
[1255]
[1256]
[1257]
[1258]
[1259]
[125]
[1260]
[1261]
[1262]
[1263]
[1264]
[1265]
[1266]
[1267]
[1268]
[1269]
[126]
[1270]
[1271]
[1272]
[1273]
[1274]
[1275]
[1276]
[1277]
[1278]
[1279]
[127]
[1280]
[1281]
[1282]
[1283]
[1284]
[1285]
[1286]
[1287]
[1288]
[1289]
[128]
[1290]
[1291]
[1292]
[1293]
[1294]
[1295]
[1296]
[1297]
[1298]
[1299]
[129]
[1300]
[1301]
[1302]
[1303]
[1304]
[1305]
[1306]
[1307]
[1308]
[1309]
[130]
[1310]
[1311]
[1312]
[1313]
[1314]
[1315]
[1316]
[1317]
[1318]
[1319]
[131]
[1320]
[1321]
[1322]
[1323]
[1324]
[1325]
[1326]
[1327]
[1328]
[1329]
[132]
[1330]
[1331]
[1332]
[1333]
[1334]
[1335]
[1336]
[1337]
[1338]
[1339]
[133]
[1340]
[1341]
[1342]
[1343]
[1344]
[1345]
[1346]
[1347]
[1348]
[1349]
[134]
[1350]
[1351]
[1352]
[1353]
[1354]
[1355]
[1356]
[1357]
[1358]
[1359]
[135]
[1360]
[1361]
[1362]
[1363]
[1364]
[1365]
[1366]
[1367]
[1368]
[1369]
[136]
[1370]
[1371]
[1372]
[1373]
[1374]
[1375]
[1376]
[1377]
[1378]
[1379]
[137]
[1380]
[1381]
[1382]
[1383]
[1384]
[1385]
[1386]
[1387]
[1388]
[1389]
[138]
[1390]
[1391]
[1392]
[1393]
[1394]
[1395]
[1396]
[1397]
[1398]
[1399]
[139]
[1400]
[1401]
[1402]
[1403]
[1404]
[1405]
[1406]
[1407]
[1408]
[1409]
[140]
[1410]
[1417,1412,1415,1411,1414,1416,1413,1418]
[141]
[142]
[143]
[144]
[145]
[146]
[147]
[148]
[149]
[150]
[151]
[152]
[153]
[154]
[155]
[156]
[157]
[158]
[159]
[160]
[161]
[162]
[163]
[164]
[165]
[166]
[167]
[168]
[169]
[170]
[171]
[172]
[173]
[174]
[175]
[176]
[177]
[178]
[179]
[180]
[181]
[182]
[183]
[184]
[185]
[186]
[187]
[188]
[189]
[18]
[190]
[191]
[192]
[193]
[194]
[195]
[196]
[197]
[198]
[199]
[19]
[200]
[201]
[202]
[203]
[204]
[205]
[206]
[207]
[208]
[209]
[20]
[210]
[211]
[212]
[213]
[214]
[215]
[216]
[217]
[218]
[219]
[21]
[220]
[221]
[222]
[223]
[224]
[225]
[226]
[227]
[228]
[229]
[22]
[230]
[231]
[232]
[233]
[234]
[235]
[236]
[237]
[238]
[239]
[23]
[240]
[241]
[242]
[243]
[244]
[245]
[246]
[247]
[248]
[249]
[24]
[250]
[251]
[252]
[253]
[254]
[255]
[256]
[257]
[258]
[259]
[25]
[260]
[261]
[262]
[263]
[264]
[265]
[266]
[267]
[268]
[269]
[26]
[270]
[271]
[272]
[273]
[274]
[275]
[276]
[277]
[278]
[279]
[27]
[280]
[281]
[282]
[283]
[284]
[285]
[286]
[287]
[288]
[289]
[28]
[290]
[291]
[292]
[293]
[294]
[295]
[296]
[297]
[298]
[299]
[29]
[300]
[301]
[302]
[303]
[304]
[305]
[306]
[307]
[308]
[309]
[30]
[310]
[311]
[312]
[313]
[314]
[315]
[316]
[317]
[318]
[319]
[31]
[320]
[321]
[322]
[323]
[324]
[325]
[326]
[327]
[328]
[329]
[32]
[330]
[331]
[332]
[333]
[334]
[335]
[336]
[337]
[338]
[339]
[33]
[340]
[341]
[342]
[343]
[344]
[345]
[346]
[347]
[348]
[349]
[34]
[350]
[351]
[352]
[353]
[354]
[355]
[356]
[357]
[358]
[359]
[35]
[360]
[361]
[362]
[363]
[364]
[365]
[366]
[367]
[368]
[369]
[36]
[370]
[371]
[372]
[373]
[374]
[375]
[376]
[377]
[378]
[379]
[37]
[380]
[381]
[382]
[383]
[384]
[385]
[386]
[387]
[388]
[389]
[38]
[390]
[391]
[392]
[393]
[394]
[395]
[396]
[397]
[398]
[399]
[39]
[400]
[401]
[402]
[403]
[404]
[405]
[406]
[407]
[408]
[409]
[40]
[410]
[411]
[412]
[413]
[414]
[415]
[416]
[417]
[418]
[419]
[41]
[420]
[421]
[422]
[423]
[424]
[425]
[426]
[427]
[428]
[429]
[42]
[430]
[431]
[432]
[433]
[434]
[435]
[436]
[437]
[438]
[439]
[43]
[440]
[441]
[442]
[443]
[444]
[445]
[446]
[447]
[448]
[449]
[44]
[450]
[451]
[452]
[453]
[454]
[455]
[456]
[457]
[458]
[459]
[45]
[460]
[461]
[462]
[463]
[464]
[465]
[466]
[467]
[468]
[469]
[46]
[470]
[471]
[472]
[473]
[474]
[475]
[476]
[477]
[478]
[479]
[47]
[480]
[481]
[482]
[483]
[484]
[485]
[486]
[487]
[488]
[489]
[48]
[490]
[491]
[492]
[493]
[494]
[495]
[496]
[497]
[498]
[499]
[49]
[500]
[501]
[502]
[503]
[504]
[505]
[506]
[507]
[508]
[509]
[50]
[510]
[511]
[512]
[513]
[514]
[515]
[516]
[517]
[518]
[519]
[51]
[520]
[521]
[522]
[523]
[524]
[525]
[526]
[527]
[528]
[529]
[52]
[530]
[531]
[532]
[533]
[534]
[535]
[536]
[537]
[538]
[539]
[53]
[540]
[541]
[542]
[543]
[544]
[545]
[546]
[547]
[548]
[549]
[54]
[550]
[551]
[552]
[553]
[554]
[555]
[556]
[557]
[558]
[559]
[55]
[560]
[561]
[562]
[563]
[564]
[565]
[566]
[567]
[568]
[569]
[56]
[570]
[571]
[572]
[573]
[574]
[575]
[576]
[577]
[578]
[579]
[57]
[580]
[581]
[582]
[583]
[584]
[585]
[586]
[587]
[588]
[589]
[58]
[590]
[591]
[592]
[593]
[594]
[595]
[596]
[597]
[598]
[599]
[59]
[60,61,62]
[600]
[601]
[602]
[603]
[604]
[605]
[606]
[607]
[608]
[609]
[610]
[611]
[612]
[613]
[614]
[615]
[616]
[617]
[618]
[619]
[620]
[621]
[622]
[623]
[624]
[625]
[626]
[627]
[628]
[629]
[630]
[631]
[632]
[633]
[634]
[635]
[636]
[637]
[638]
[639]
[63]
[640]
[641]
[642]
[643]
[644]
[645]
[646]
[647]
[648]
[649]
[65,66,64]
[650]
[651]
[652]
[653]
[654]
[655]
[656]
[657]
[658]
[659]
[660]
[661]
[662]
[663]
[664]
[665]
[666]
[667]
[668]
[669]
[67,68,69]
[670]
[671]
[672]
[673]
[674]
[675]
[676]
[677]
[678]
[679]
[680]
[681]
[682]
[683]
[684]
[685]
[686]
[687]
[688]
[689]
[690]
[691]
[692]
[693]
[694]
[695]
[696]
[697]
[698]
[699]
[700]
[701]
[702]
[703]
[704]
[705]
[706]
[707]
[708]
[709]
[70]
[710]
[711]
[712]
[713]
[714]
[715]
[716]
[717]
[718]
[719]
[71]
[72,73,74]
[720]
[721]
[722]
[723]
[724]
[725]
[726]
[727]
[728]
[729]
[730]
[731]
[732]
[733]
[734]
[735]
[736]
[737]
[738]
[739]
[740]
[741]
[742]
[743]
[744]
[745]
[746]
[747]
[748]
[749]
[750]
[751]
[752]
[753]
[754]
[755]
[756]
[757]
[758]
[759]
[75]
[760]
[761]
[762]
[763]
[764]
[765]
[766]
[767]
[768]
[769]
[76]
[770]
[771]
[772]
[773]
[774]
[775]
[776]
[777]
[778]
[779]
[77]
[780]
[781]
[782]
[783]
[784]
[785]
[786]
[787]
[788]
[789]
[78]
[790]
[791]
[792]
[793]
[794]
[795]
[796]
[797]
[798]
[799]
[79]
[800]
[801]
[802]
[803]
[804]
[805]
[806]
[807]
[808]
[809]
[80]
[810]
[811]
[812]
[813]
[814]
[815]
[816]
[817]
[818]
[819]
[81]
[820]
[821]
[822]
[823]
[824]
[825]
[826]
[827]
[828]
[829]
[82]
[830]
[831]
[832]
[833]
[834]
[835]
[836]
[837]
[838]
[839]
[83]
[840]
[841]
[842]
[843]
[844]
[845]
[846]
[847]
[848]
[849]
[84]
[850]
[851]
[852]
[853]
[854]
[855]
[856]
[857]
[858]
[859]
[85]
[860]
[861]
[862]
[863]
[864]
[865]
[866]
[867]
[868]
[869]
[86]
[870]
[871]
[872]
[873]
[874]
[875]
[876]
[877]
[878]
[879]
[87]
[880]
[881]
[882]
[883]
[884]
[885]
[886]
[887]
[888]
[889]
[88]
[890]
[891]
[892]
[893]
[894]
[895]
[896]
[897]
[898]
[899]
[89]
[900]
[901]
[902]
[903]
[904]
[905]
[906]
[907]
[908]
[909]
[90]
[910]
[911]
[912]
[913]
[914]
[915]
[916]
[917]
[918]
[919]
[91]
[920]
[921]
[922]
[923]
[924]
[925]
[926]
[927]
[928]
[929]
[92]
[930]
[931]
[932]
[933]
[934]
[935]
[936]
[937]
[938]
[939]
[93]
[940]
[941]
[942]
[943]
[944]
[945]
[946]
[947]
[948]
[949]
[94]
[950]
[951]
[952]
[953]
[954]
[955]
[956]
[957]
[958]
[959]
[95]
[960]
[961]
[962]
[963]
[964]
[965]
[966]
[967]
[968]
[969]
[96]
[970]
[971]
[972]
[973]
[974]
[975]
[976]
[977]
[978]
[979]
[97]
[980]
[981]
[982]
[983]
[984]
[985]
[986]
[987]
[988]
[989]
[98]
[990]
[991]
[992]
[993]
[994]
[995]
[996]
[997]
[998]
[999]
[99]
