Fail to parse DAS record=map[das:map[expire:1588418187 instance:prod/global primary_key:lumi.number record:1 services:[dbs3:runsummaries]] lumi:[map[max_lumi:1487]] qhash:22a44fb7a13ff927e6b6bc0ec3ac3237], keys=[lumi [0] number], error=Key path not found
Fail to parse DAS record=map[das:map[expire:1588418187 instance:prod/global primary_key:lumi.number record:1 services:[dbs3:runsummaries]] lumi:[map[max_lumi:1487]] qhash:22a44fb7a13ff927e6b6bc0ec3ac3237], keys=[lumi [0] number], error=Key path not found
[1003,1013]
[1004,1002]
[1005,1006]
[1007]
[100]
[1010,1009]
[1012,1011]
[1015,1018]
[1016,1019]
[1017,1020]
[101]
[1022,1021]
[1023,1024]
[1025,1039]
[1027,1026]
[1028,1034]
[102]
[1030,1285]
[1032,992]
[1033,1041]
[1035,1008]
[1036,705]
[1037]
[103]
[1040]
[1042,1052]
[1044,970]
[1045,967]
[1046]
[1047]
[1048,993]
[1049,1282]
[104]
[1050]
[1051]
[1053,1054]
[1055,1056]
[1057,1061]
[1058,1059]
[105]
[1060,1062]
[1063,1064]
[1065,1066]
[1067,1068]
[1069,1073]
[106]
[1072,1070]
[1074,1038]
[1076,1075]
[1078,1079]
[107]
[1081]
[1082,1077]
[1084,1080]
[1085,1083]
[1086,1087]
[1088,1091]
[1089,1090]
[108]
[1092,1096]
[1097]
[1099]
[109]
[1100,1095]
[1101,1098]
[1102,1107]
[1104,1094]
[1105]
[1108,1112]
[110]
[1110,1133]
[1115,1113]
[1117,1116]
[1119,1118]
[111]
[1121,1124]
[1123,1120]
[1126,1125]
[1127,1128]
[112]
[1130,1178]
[1131,1122]
[1134,1129]
[1136,1142]
[1137,1111]
[1138,997]
[113]
[1140,1135]
[1143,1141]
[1144,1146]
[1145,1139]
[1148,1147]
[114]
[1150,1157]
[1151,1154]
[1152]
[1153,1384]
[1155,1158]
[1159,1156]
[115]
[1160,1106]
[1161,1103]
[1162]
[1163]
[1165,1093]
[1167,1164]
[1168,1169]
[116]
[1170]
[1171,1166]
[1173,1176]
[1174,1172]
[1177,1175]
[117]
[1180,1071]
[1181,1194]
[1183,1149]
[1184,1179]
[1185,1189]
[1186,1132]
[1187,1401]
[118]
[1190,1188]
[1191]
[1192,1182]
[1193]
[1196,1195]
[1198,1197]
[119]
[1200]
[1201,1398]
[1202,1199]
[1204]
[1205]
[1206]
[1207]
[1208]
[1209]
[120]
[1210]
[1211]
[1212]
[1213]
[1214]
[1215]
[1216]
[1217]
[1218]
[1219]
[121]
[1220]
[1221]
[1222]
[1223]
[1224]
[1225]
[1226]
[1227]
[1228]
[1229]
[122]
[1230]
[1231]
[1232]
[1233]
[1234]
[1235]
[1236]
[1237]
[1238]
[1239]
[123]
[1240]
[1241]
[1242]
[1244]
[1245]
[1246]
[1247]
[1248]
[1249]
[124]
[1250]
[1251]
[1252]
[1253,1281]
[1254]
[1255]
[1256]
[1257]
[1258]
[1259]
[125]
[1260]
[1261]
[1262]
[1263]
[1264]
[1265]
[1266]
[1267]
[1268,1243]
[1269]
[126]
[1270]
[1271]
[1272,1273]
[1274]
[1276]
[1277]
[1278,980]
[127]
[1280,1031]
[1287,1283]
[1288,1286]
[1289]
[128]
[1292,1293]
[1294,1290]
[1295,1279]
[1297]
[1298,1284]
[1299]
[129]
[1300,1291]
[1302,1303]
[1304,1296]
[1306,1305]
[1308,1307]
[1309,1301]
[130]
[1311,1312]
[1313,1316]
[1315,1314]
[1317,1318]
[1319,1310]
[131]
[1320,1323]
[1321]
[1324,1332]
[1325,1329]
[1326,1322]
[1327]
[1328,1334]
[132]
[1330,1331]
[1336,1392]
[1337]
[1338,991]
[1339,1333]
[133]
[1340,1335]
[1342,1346]
[1343,1344]
[1345,1353]
[1347,1341]
[1348]
[1349,1351]
[134]
[1350]
[1355,1354]
[1357]
[1358,1352]
[135]
[1360,1359]
[1363,1362]
[1366,1365]
[1368,1367]
[136]
[1370,1369]
[1371,1361]
[1372,1373]
[1374]
[1375,1364]
[1376,1377]
[1378,1379]
[137]
[1380,1388]
[1382]
[1385,1381]
[1386,1356]
[1387,1391]
[1389,1383]
[138]
[1390,1396]
[1394,1109]
[1395,1043]
[1399,1397]
[139]
[1400,1203]
[1402]
[1403,1408]
[1405,1404]
[1406,1393]
[1409,1407]
[140]
[1410]
[1411]
[1412]
[1413]
[1414]
[1415]
[1416]
[1417]
[1418]
[1419]
[141]
[1420]
[1421]
[1422]
[1423]
[1424]
[1425]
[1426]
[1427]
[1428]
[1429]
[142]
[1430]
[1431]
[1432]
[1433]
[1434]
[1435]
[1436]
[1437]
[1438]
[1439]
[143]
[1440]
[1441]
[1442]
[1443]
[1444]
[1445]
[1446]
[1447]
[1448]
[1449]
[144]
[1450]
[1451]
[1452]
[1453]
[1454]
[1455]
[1456]
[1457]
[1458]
[1459]
[145]
[1460]
[1461]
[1462]
[1463]
[1464]
[1465]
[1466]
[1467]
[1468]
[1469]
[146]
[1470]
[1471]
[1472]
[1473]
[1474]
[1475]
[1476]
[1477]
[1478]
[1479]
[147]
[1480]
[1481]
[1482]
[1483]
[1484]
[1485]
[1486]
[1487]
[148]
[149]
[150]
[151]
[152]
[153]
[154]
[155]
[156]
[157]
[158]
[159]
[160]
[161]
[162]
[163]
[164]
[165]
[166]
[167]
[168]
[169]
[170]
[171]
[172]
[173]
[174]
[175]
[176]
[177]
[178]
[179]
[180]
[181]
[182]
[183]
[184]
[185]
[186]
[187]
[188]
[189]
[190]
[191]
[192]
[193]
[194]
[195]
[196]
[197]
[198]
[199]
[200]
[201]
[202]
[203]
[204]
[205]
[206]
[207]
[208]
[209]
[210]
[211]
[212]
[213]
[214]
[215]
[216]
[217]
[218]
[219]
[21]
[220]
[221]
[222]
[223]
[224]
[225]
[226]
[227]
[228]
[229]
[22]
[230]
[231]
[232]
[233]
[234]
[235]
[236]
[237]
[238]
[239]
[23]
[240]
[241]
[242]
[243]
[244]
[245]
[246]
[247]
[248]
[249]
[24]
[250]
[251]
[252]
[253]
[254]
[255]
[256]
[257]
[258]
[259]
[25]
[260]
[261]
[262]
[263]
[264]
[265]
[266]
[267]
[268]
[269]
[26]
[270]
[271]
[272]
[273]
[274]
[275]
[276]
[277]
[278]
[279]
[27]
[280]
[281]
[282]
[283]
[284]
[285]
[286]
[287]
[289]
[28]
[290]
[291]
[292]
[293,288]
[294]
[295]
[296]
[297]
[298]
[299]
[29]
[300]
[301]
[302]
[303]
[304]
[305]
[306]
[307]
[308]
[309]
[30]
[310]
[311]
[312]
[313]
[314]
[315]
[316]
[317]
[318]
[319]
[31]
[320]
[321]
[322]
[323]
[324]
[325]
[326]
[327]
[328]
[329]
[32]
[330]
[331]
[332]
[333]
[334]
[335]
[336]
[337]
[338]
[339]
[33]
[340]
[341]
[342]
[343]
[344]
[345]
[346]
[347]
[348]
[349]
[34]
[350]
[351]
[352]
[353]
[354]
[355]
[356]
[357]
[358]
[359]
[35]
[360]
[361]
[362]
[363]
[364]
[366]
[367]
[368]
[369]
[36]
[370]
[371]
[372]
[373]
[374]
[375]
[376]
[377]
[378]
[379]
[37]
[380]
[381]
[382]
[383]
[384]
[385]
[386]
[387]
[388]
[389]
[38]
[390]
[391]
[392]
[393]
[394]
[395]
[396]
[397]
[398]
[399]
[39]
[400]
[401]
[402]
[403]
[404]
[405]
[406]
[407]
[408]
[409]
[40]
[410]
[411]
[412]
[413]
[414]
[415]
[416]
[417]
[418]
[419]
[41]
[420]
[421]
[422]
[423]
[424]
[425]
[426]
[427]
[428]
[429]
[42]
[430]
[431]
[432]
[433]
[434]
[435]
[436]
[437]
[438]
[439]
[43]
[440]
[441]
[442]
[443]
[444]
[445]
[446]
[447]
[448]
[449]
[44]
[450]
[451]
[452]
[453]
[454]
[455]
[456]
[457]
[458]
[459]
[45]
[460]
[461]
[462]
[463]
[464]
[465]
[466]
[467]
[468]
[469]
[470]
[471]
[472]
[473]
[474]
[475]
[476]
[477]
[478]
[479]
[480]
[481]
[482]
[483]
[484]
[485]
[486]
[487]
[488]
[489]
[48]
[490]
[491]
[492]
[493]
[494]
[495]
[496]
[497]
[498]
[499]
[49]
[50,51]
[500]
[501]
[502]
[503]
[504]
[505]
[506]
[507]
[508]
[509]
[510]
[511]
[512]
[513]
[514]
[515]
[516]
[517]
[518]
[519]
[520]
[521]
[522]
[523]
[524]
[525]
[526]
[527]
[528]
[529]
[52]
[53,47,46]
[530]
[531]
[532]
[533]
[534]
[535]
[536]
[537]
[538]
[539]
[540]
[541]
[542]
[543]
[544]
[545]
[546]
[547]
[548]
[549]
[550]
[551]
[552]
[553]
[554]
[555]
[556]
[557]
[558]
[559]
[55]
[560]
[561]
[562]
[563]
[564]
[565]
[566]
[567]
[568]
[569]
[56]
[570]
[571]
[572]
[573]
[574]
[575]
[576]
[577]
[578]
[579]
[57]
[580]
[581]
[582]
[583]
[584]
[585]
[586]
[587]
[588]
[589]
[59,58,54]
[590]
[591]
[592]
[593]
[594]
[595]
[596]
[597]
[598]
[599]
[600]
[601]
[602]
[603]
[604]
[605]
[606]
[607]
[608]
[609]
[60]
[610]
[611]
[612]
[613]
[614]
[615]
[616]
[617]
[618]
[619]
[61]
[620]
[621]
[622]
[623]
[624]
[625]
[626]
[627]
[628]
[629]
[62]
[630]
[631]
[632]
[633]
[634]
[635]
[636]
[637]
[638]
[639]
[63]
[640]
[641]
[642]
[643]
[644]
[645]
[646]
[647]
[648]
[649]
[64]
[650]
[651]
[652]
[653]
[654]
[655]
[656]
[657]
[658]
[659]
[65]
[660]
[661]
[662]
[663]
[664]
[665]
[666]
[667]
[668]
[669]
[66]
[670]
[671]
[672]
[673]
[674]
[675]
[676]
[677]
[678]
[679]
[67]
[680]
[681]
[682]
[683]
[684]
[685]
[686]
[687]
[688]
[689]
[68]
[690]
[691]
[692]
[693]
[694]
[695]
[696]
[697]
[698]
[699]
[69]
[700]
[701]
[702]
[703]
[704]
[706]
[707]
[708]
[709]
[70]
[710]
[711]
[712]
[713]
[714]
[715]
[716]
[717]
[718]
[719]
[71]
[720]
[721]
[722]
[723]
[724]
[725]
[726]
[727]
[728]
[729]
[72]
[730]
[731,365]
[732]
[733]
[734]
[735]
[736]
[737]
[738]
[739]
[73]
[740]
[741]
[742]
[743]
[744]
[745]
[746]
[747]
[748]
[749]
[74]
[750]
[751]
[752]
[753]
[754]
[755]
[756]
[757]
[758]
[759]
[75]
[760]
[761]
[762]
[763]
[764]
[765]
[766]
[767]
[768]
[769]
[76]
[770]
[771]
[772]
[773]
[774]
[775]
[776]
[777]
[778]
[779]
[77]
[780]
[781]
[782]
[783]
[784]
[785]
[786]
[787]
[788]
[789]
[78]
[790]
[791]
[792]
[793]
[794]
[795]
[796]
[797]
[798]
[799]
[79]
[800]
[801]
[802]
[803]
[804]
[805]
[806]
[807]
[808]
[809]
[80]
[810]
[811]
[812]
[813]
[814]
[815]
[816]
[817]
[818]
[819]
[81]
[820]
[821]
[822]
[823]
[824]
[825]
[826]
[827]
[828]
[829]
[82]
[830]
[831]
[832]
[833]
[834]
[835]
[836]
[837]
[838]
[839]
[83]
[840]
[841]
[842]
[843]
[844]
[845]
[846]
[847]
[848]
[849]
[84]
[850]
[851]
[852]
[853]
[854]
[855]
[856]
[857]
[858]
[859]
[85]
[860]
[861]
[862]
[863]
[864]
[865]
[866]
[867]
[868]
[869]
[86]
[870]
[871]
[872]
[873]
[874]
[875]
[876]
[877]
[878]
[879]
[87]
[880]
[881]
[882]
[883]
[884]
[885]
[886]
[887]
[888]
[889]
[88]
[890]
[891]
[892]
[893]
[894]
[895]
[896]
[897]
[898]
[899]
[89]
[900]
[901]
[902]
[903]
[904]
[905]
[906]
[907]
[908]
[909]
[90]
[910]
[911]
[912]
[913]
[914]
[915]
[916]
[917]
[918]
[919]
[91]
[920]
[921]
[922]
[923]
[924]
[925]
[926]
[927]
[928]
[929]
[92]
[930]
[931]
[932]
[933]
[934]
[935]
[936]
[937]
[938]
[939]
[93]
[940]
[941]
[942]
[943]
[944]
[945]
[946]
[947]
[948]
[94]
[950]
[951]
[952]
[953]
[954]
[955]
[956]
[957]
[958]
[959]
[95]
[960]
[961]
[962]
[963]
[964,987]
[965]
[966]
[968]
[969]
[96]
[971]
[972,1275]
[973]
[974]
[976,1029]
[977]
[978]
[979]
[97]
[981]
[982]
[983,949]
[984]
[985]
[986,999]
[988,989]
[98]
[990,975]
[994,1000]
[995,1114]
[996,1001]
[998,1014]
[99]
