Fail to parse DAS record=map[das:map[expire:1588418199 instance:prod/global primary_key:lumi.number record:1 services:[dbs3:runsummaries]] lumi:[map[max_lumi:488]] qhash:e861c619482569ed41c49c06fb5da5bf], keys=[lumi [0] number], error=Key path not found
Fail to parse DAS record=map[das:map[expire:1588418199 instance:prod/global primary_key:lumi.number record:1 services:[dbs3:runsummaries]] lumi:[map[max_lumi:488]] qhash:e861c619482569ed41c49c06fb5da5bf], keys=[lumi [0] number], error=Key path not found
[100]
[101]
[102,73]
[104]
[105,96]
[106]
[107]
[108,28]
[109,69]
[11,9]
[110,47]
[112]
[113,129]
[114]
[115,131]
[116]
[117]
[119]
[121,140]
[122,21]
[123,147]
[124,120]
[125]
[126]
[127]
[128,158]
[12]
[130,118]
[132,58]
[133]
[134,153]
[135]
[136,159]
[137]
[138,161]
[139]
[13]
[141]
[142,146]
[143]
[144,145]
[149,148]
[15,52]
[150]
[152]
[154]
[155,151]
[156]
[157,160]
[162]
[163]
[164]
[165]
[166]
[167]
[168]
[169]
[170]
[171]
[172]
[173]
[174]
[175]
[176]
[177]
[178]
[179]
[17]
[18,50]
[180]
[181]
[182]
[183]
[184]
[185]
[186]
[187]
[188]
[189]
[190]
[191]
[192]
[193]
[194]
[195]
[196]
[197]
[198]
[199]
[19]
[1]
[200]
[201]
[202]
[203]
[204]
[205]
[206]
[207]
[208]
[209]
[20]
[210]
[211]
[212]
[213]
[214]
[215]
[216]
[217]
[218]
[219]
[220]
[221]
[222]
[223]
[224]
[225]
[226]
[227]
[228]
[229]
[22]
[230]
[231]
[232]
[233]
[234]
[235]
[236]
[237]
[238]
[239]
[23]
[240]
[241]
[242]
[243]
[244]
[245]
[246]
[247]
[248]
[249]
[24]
[25,83]
[250]
[251]
[252]
[253]
[254]
[255]
[256]
[257]
[258]
[259]
[260]
[261]
[262]
[263]
[264]
[265]
[266]
[267]
[268]
[269]
[270]
[271]
[272]
[273]
[274,304]
[275]
[276,277]
[278,386]
[279]
[27]
[280]
[281]
[282]
[284]
[285]
[287]
[288,296]
[289]
[290]
[291]
[292]
[293]
[298,297]
[299]
[29]
[2]
[300,309]
[301]
[302]
[303]
[305,307]
[306,294]
[308]
[30]
[310]
[311]
[312]
[313]
[314]
[315]
[316]
[317]
[318]
[319]
[320]
[321]
[322]
[323]
[324]
[325]
[326]
[327]
[328]
[329]
[33,32]
[330]
[331]
[332]
[333]
[334]
[335]
[336]
[337]
[338]
[339]
[340]
[341]
[342]
[343]
[344]
[345]
[346]
[347]
[348]
[349]
[34]
[35,14]
[350]
[351]
[352]
[353]
[354]
[355]
[356]
[357]
[358]
[359]
[36,31]
[360]
[361]
[362,283]
[363]
[364]
[365]
[366]
[367]
[368]
[369,393]
[370]
[371]
[372]
[373]
[374]
[375]
[376]
[377]
[378,384]
[379]
[37]
[38,26]
[380]
[382,295]
[383]
[385]
[387,431]
[388]
[389,381]
[390]
[391]
[392]
[394,286]
[395]
[396]
[397]
[398]
[399]
[39]
[3]
[400,408]
[401]
[402]
[403,418]
[405]
[406,404]
[407]
[409,420]
[40]
[41,61]
[410,423]
[411,438]
[412]
[413]
[414,449]
[415]
[416]
[422]
[424]
[425]
[427]
[428,443]
[429,426]
[42]
[43,56]
[430,446]
[432,448]
[433,461]
[434]
[435]
[436]
[437,419]
[439]
[440]
[441,480]
[442,421]
[444]
[445,488]
[447]
[44]
[45,65]
[450]
[452]
[454]
[455]
[456,483]
[457]
[458]
[459]
[463]
[464]
[465,451]
[466,460]
[468,485]
[469,453]
[470]
[471]
[472,462]
[473]
[474,487]
[475,467]
[476]
[477]
[478]
[48,60]
[481,479]
[482]
[484,417]
[486]
[49,46]
[5,7]
[51]
[54]
[55]
[59,75]
[6,10]
[63,62]
[64]
[66,68]
[71,53]
[72,57]
[74,67]
[76,98]
[77]
[78,70]
[79,86]
[8,4]
[80]
[81]
[82]
[84]
[85]
[87,103]
[88,99]
[89]
[90,97]
[91]
[92]
[93,111]
[94]
[95,16]
