Fail to parse DAS record=map[das:map[expire:1588418183 instance:prod/global primary_key:lumi.number record:1 services:[dbs3:runsummaries]] lumi:[map[max_lumi:1663]] qhash:73bf383c18005268ee4407209bd70612], keys=[lumi [0] number], error=Key path not found
Fail to parse DAS record=map[das:map[expire:1588418183 instance:prod/global primary_key:lumi.number record:1 services:[dbs3:runsummaries]] lumi:[map[max_lumi:1663]] qhash:73bf383c18005268ee4407209bd70612], keys=[lumi [0] number], error=Key path not found
[1000]
[1001]
[1002]
[1003]
[1004]
[1005]
[1006]
[1007]
[1008]
[1009]
[100]
[1010]
[1011]
[1012]
[1013]
[1014]
[1015]
[1016]
[1017]
[1018]
[1019]
[101]
[1020]
[1021]
[1022]
[1023]
[1024]
[1025]
[1026]
[1027]
[1028]
[1029]
[102]
[1030]
[1031]
[1032]
[1033]
[1034]
[1035]
[1036]
[1037]
[1038]
[1039]
[103]
[1040]
[1041]
[1042]
[1043]
[1044]
[1045]
[1046]
[1047]
[1048]
[1049]
[104]
[1050]
[1051]
[1052]
[1053]
[1054]
[1055]
[1056]
[1057]
[1058]
[1059]
[105]
[1060]
[1061]
[1062]
[1063]
[1064]
[1065]
[1066]
[1067]
[1068]
[1069]
[106]
[1070]
[1071]
[1072]
[1073]
[1074]
[1075]
[1076]
[1077]
[1078]
[1079]
[107]
[1080]
[1081]
[1082]
[1083]
[1084]
[1085]
[1086]
[1087]
[1088]
[1089]
[108]
[1090]
[1091]
[1092]
[1093]
[1094]
[1095]
[1096]
[1097]
[1098]
[1099]
[109]
[1100]
[1101]
[1102]
[1103]
[1104]
[1105]
[1106]
[1107]
[1108]
[1109]
[110]
[1110]
[1111]
[1112]
[1113]
[1114]
[1115]
[1116]
[1117]
[1118]
[1119]
[111]
[1120]
[1121]
[1122]
[1123]
[1124]
[1125]
[1126]
[1127]
[1128]
[1129]
[112]
[1130]
[1131]
[1132]
[1133]
[1134]
[1135]
[1136]
[1137]
[1138]
[1139]
[113]
[1140]
[1141]
[1142]
[1143]
[1144]
[1145]
[1146]
[1147]
[1148]
[1149]
[114]
[1150]
[1151]
[1152]
[1153]
[1154]
[1155]
[1156]
[1157]
[1158]
[1159]
[115]
[1160]
[1161]
[1162,1289]
[1163]
[1164]
[1165]
[1166]
[1167]
[1168]
[1169]
[116]
[1170]
[1171]
[1172]
[1173]
[1174]
[1175]
[1176]
[1177]
[1178]
[1179]
[117]
[1180]
[1181]
[1182]
[1183]
[1184]
[1185]
[1186]
[1187]
[1188]
[1189]
[118]
[1190]
[1191]
[1192]
[1193]
[1194]
[1195]
[1196]
[1197]
[1198]
[1199]
[119]
[1200]
[1201]
[1202]
[1203]
[1204]
[1205]
[1206]
[1207]
[1209]
[120]
[1210]
[1211]
[1212,1214]
[1213]
[1215]
[1216]
[1217]
[1218,1208]
[121]
[1220]
[1222]
[1223]
[1224,1219]
[1225,1227]
[1228]
[1229]
[122]
[1230]
[1231,1221]
[1233,1275]
[1234,1259]
[1235,1232]
[1236]
[1238,1239]
[123]
[1241,1246]
[1242,1248]
[1245]
[1247,1244]
[124]
[1250,1243]
[1251]
[1252,1504]
[1253]
[1254,1265]
[1256]
[1258,1334]
[125]
[1260]
[1261,1483]
[1262,1502]
[1264]
[1266,1497]
[126]
[1271,1480]
[1272,1294]
[1274,1322]
[1276]
[1278]
[1279]
[127]
[1280,1378]
[1282,1257]
[1283,1286]
[1284,1240]
[1285,1316]
[1287]
[1288,1295]
[128]
[1290,1281]
[1291]
[1292,1393]
[1293,1269]
[1296,1270]
[1297,1255]
[1298,1319]
[1299,1300]
[129]
[1301,1338]
[1302,1310]
[1303,1384]
[1304,1312]
[1307]
[1308,1358]
[130]
[1311,1385]
[1313]
[1317,1503]
[1318,1273]
[131]
[1320,1476]
[1321,617]
[1323,1380]
[1324,1330]
[1326]
[1327,1508]
[1328,1482]
[132]
[1332,1356]
[1333,1249]
[1335,1336]
[1337,1371]
[133]
[1340,1344]
[1343,1305]
[1345,1352]
[1347,1403]
[1348,1362]
[1349,1418]
[134]
[1350,1383]
[1351,1390]
[1353,1394]
[1354,1402]
[1355]
[1357,1263]
[135]
[1360,1315]
[1363,1388]
[1364,1314]
[1366,1377]
[1367,1268]
[1368,1374]
[136]
[1370,1552]
[1372,1477]
[1373,1306]
[1375,1376]
[137]
[1381,1237]
[1387,1342]
[138]
[1395,1389]
[1397,1359]
[1398,1386]
[1399,1325]
[139]
[1404,1412]
[1405,1519]
[1406]
[1407,1441]
[1408,1455]
[1409]
[140]
[1410,1400]
[1411,1346]
[1413,1392]
[1414,1472]
[1415]
[1417,1416]
[1419,1448]
[141]
[1421,1420]
[1422,1432]
[1423,1433]
[1425,1436]
[1428,1424]
[1429,1430]
[142]
[1431,1439]
[1434,1401]
[1438,1361]
[143]
[1442,1391]
[1443,1427]
[1444,1440]
[1447,1445]
[1449,1452]
[144]
[1450,1277]
[1451,1437]
[1453,1435]
[1454]
[1456,1396]
[1457,1462]
[1458,1460]
[1459]
[145]
[1461,1466]
[1463,1446]
[1465]
[1467,1475]
[1468,1464]
[146]
[1470,1331]
[1471]
[1473,1469]
[1474]
[1479,1309]
[147]
[1481,1329]
[1484,1379]
[1486,1487]
[148]
[1490,1488]
[1491,1540]
[1492]
[1493,1531]
[1495,1530]
[1496,1494]
[1498]
[149]
[1500,1499]
[1501]
[1505,1526]
[1507,1489]
[1509]
[150]
[1511,1533]
[1513,1369]
[1514,1515]
[1516,1565]
[1517]
[1518,1365]
[151]
[1520,1512]
[1521]
[1524]
[1525,1547]
[1528,1382]
[1529,1561]
[152]
[1532,1510]
[1535]
[1536,1267]
[1538,1534]
[1539,1522]
[153]
[1541,1593]
[1543,1339]
[1544,1523]
[1545,1581]
[154]
[1550]
[1551,1549]
[1553,1569]
[1554]
[1555,1341]
[1556]
[1557,1575]
[1558,1573]
[1559,1566]
[155]
[1560,1426]
[1562,1548]
[1564]
[1568,1588]
[156]
[1570]
[1571,1602]
[1574,1576]
[1577,1590]
[1578,1563]
[157]
[1582,1625]
[1584,1585]
[1586]
[1587,1579]
[1589,1537]
[158]
[1591,1478]
[1592,1583]
[1594,1620]
[1598]
[1599,1595]
[159]
[1600,1506]
[1601,1603]
[1604]
[1605,1607]
[1606,1572]
[1608,1542]
[1609,1610]
[160]
[1611,1596]
[1612]
[1614,1597]
[1615,1567]
[1616,752]
[1618,1613]
[1619]
[161]
[1621,1632]
[1622,1226]
[1623]
[1624,1628]
[1626]
[1627]
[1629]
[162]
[1630,1485]
[1631,1640]
[1633,1580]
[1634,625]
[1635]
[1637]
[1638]
[1639]
[163]
[1641,1636]
[1642]
[1643,1654]
[1644]
[1645]
[1647,1646]
[1648]
[164]
[1651,1649]
[1652,1650]
[1653,1527]
[1655]
[1656]
[1657]
[165]
[1661,1658,1663,1659,1660,1662]
[166]
[167]
[168]
[169]
[16]
[170]
[171]
[172]
[173]
[174]
[175]
[176]
[177]
[178]
[179]
[17]
[180]
[181]
[182]
[183]
[184]
[185]
[186]
[187]
[188]
[189]
[18]
[190]
[191]
[192]
[193]
[194]
[195]
[196]
[197]
[198]
[199]
[19]
[200]
[201]
[202]
[203]
[204]
[205]
[206]
[207]
[208]
[209]
[20]
[210]
[211]
[212]
[213]
[214]
[215]
[216]
[217]
[218]
[219]
[220]
[221]
[222]
[223]
[224]
[225]
[226]
[227]
[228]
[229]
[230]
[231]
[232]
[233]
[234]
[235]
[236]
[237]
[238]
[239]
[240]
[241]
[242]
[243]
[244]
[245]
[246]
[247]
[248]
[249]
[24]
[250]
[251]
[252]
[253]
[254]
[255]
[256]
[257]
[258]
[259]
[26,22,23,27,34]
[260]
[261]
[262]
[263]
[264]
[265]
[266]
[267]
[268]
[269]
[270]
[271]
[272]
[273]
[274]
[275]
[276]
[277]
[278]
[279]
[28,33,21,25]
[280]
[281]
[282]
[283]
[284]
[285]
[286]
[287]
[288]
[289]
[29,30,31]
[290]
[291]
[292]
[293]
[294]
[295]
[296]
[297]
[298]
[299]
[300]
[301]
[302]
[303]
[304]
[305]
[306]
[307]
[308]
[309]
[310]
[311]
[312]
[313]
[314]
[315]
[316]
[317]
[318]
[319]
[320]
[321]
[322]
[323]
[324]
[325]
[326]
[327]
[328]
[329]
[32]
[330]
[331]
[332]
[333]
[334]
[335]
[336]
[337]
[338]
[339]
[340]
[341]
[342]
[343]
[344]
[345]
[346]
[347]
[348,720]
[349]
[350]
[351]
[352]
[353]
[354]
[355]
[356]
[357]
[358]
[359]
[35]
[360]
[361]
[362]
[363]
[364]
[365]
[366]
[367]
[368]
[369]
[36]
[370]
[371]
[372]
[373]
[374]
[375]
[376]
[377]
[378]
[379]
[37]
[380]
[381]
[382]
[383]
[384]
[385]
[386]
[387]
[388]
[389]
[38]
[390]
[391]
[392]
[393]
[394]
[395]
[396]
[397]
[398]
[399]
[39]
[400]
[401]
[402]
[403]
[404]
[405]
[406]
[407]
[408]
[409]
[40]
[410]
[411]
[412]
[413]
[414]
[415]
[416]
[417]
[418]
[419]
[41]
[420]
[421]
[422]
[423]
[424]
[425]
[426]
[427]
[428]
[429]
[42]
[430]
[431]
[432]
[433]
[434]
[435]
[436]
[437]
[438]
[439]
[43]
[440]
[441]
[442]
[443]
[444]
[445]
[446]
[447]
[448]
[449]
[44]
[450]
[451]
[452]
[453]
[454]
[455]
[456]
[457]
[458]
[459]
[45]
[460]
[461]
[462]
[463]
[464]
[465]
[466]
[467]
[468]
[469]
[46]
[470]
[471]
[472]
[473]
[474]
[475]
[476]
[477]
[478]
[479]
[47]
[480]
[481]
[482]
[483]
[484]
[485]
[486]
[487]
[488]
[489]
[48]
[490]
[491]
[492]
[493]
[494]
[495]
[496]
[497]
[498]
[499]
[49]
[500]
[501]
[502]
[503]
[504]
[505]
[506]
[507]
[508]
[509]
[50]
[510]
[511]
[512]
[513]
[514]
[515]
[516]
[517]
[518]
[519]
[51]
[520]
[521]
[522]
[523]
[524]
[525]
[526]
[527]
[528]
[529]
[52]
[530]
[531]
[532]
[533]
[534]
[535]
[536]
[537]
[538]
[539]
[53]
[540]
[541]
[542]
[543]
[544]
[545]
[546]
[547]
[548]
[549]
[54]
[550]
[551]
[552]
[553]
[554]
[555]
[556]
[557]
[558]
[559]
[55]
[560]
[561]
[562]
[563]
[564]
[565]
[566]
[567]
[568]
[569]
[56]
[570]
[571]
[572]
[573]
[574]
[575]
[576]
[577]
[578]
[579]
[57]
[580]
[581]
[582]
[583]
[584]
[585]
[586]
[587]
[588]
[589]
[58]
[590]
[591]
[592]
[593]
[594]
[595]
[596]
[597]
[598]
[599]
[59]
[600]
[601,611]
[602,729]
[603]
[604]
[605]
[606]
[607]
[608]
[609,610]
[60]
[612]
[613,615]
[614]
[616]
[618]
[619]
[61]
[624,638]
[626,637]
[627]
[628,620]
[629,699]
[62]
[631,655]
[632,646]
[633,1546]
[634,718]
[635,622]
[636,630]
[639,656]
[63]
[640,653]
[641,642]
[645,649]
[64]
[651,623]
[654,652]
[657,666]
[659,684]
[65]
[660,668]
[662,661]
[663]
[664,686]
[665,648]
[667,669]
[66]
[670,676]
[671]
[672,658]
[673,715]
[675,650]
[679,697]
[67]
[680,678]
[681,621]
[682,683]
[687,690]
[688,677]
[68]
[692,695]
[696,703]
[698,647]
[69]
[700,710]
[701,705]
[702,685]
[704,722]
[709,691]
[70]
[711]
[712,674]
[713,706]
[714,707]
[716,694]
[717,732]
[719,1617]
[71]
[721,737]
[723,724]
[725,693]
[727,689]
[728,726]
[72]
[731,708]
[733,734]
[735,730]
[736,738]
[73]
[740,741]
[742,644]
[743,739]
[745,751]
[746,747]
[748,749]
[74]
[750]
[753]
[754]
[755,756]
[757,759]
[758,744]
[75]
[760]
[761,643]
[762,764]
[763]
[765]
[766]
[767]
[768]
[769]
[76]
[770]
[771]
[772]
[773]
[774]
[775]
[776]
[777]
[778]
[779]
[77]
[780]
[781]
[782]
[783]
[784]
[785]
[786]
[787]
[788]
[789]
[78]
[790]
[791]
[792]
[793]
[794]
[795]
[796]
[797]
[798]
[799]
[79]
[800]
[801]
[802]
[803]
[804]
[805]
[806]
[807]
[808]
[809]
[80]
[810]
[811]
[812]
[813]
[814]
[815]
[816]
[817]
[818]
[819]
[81]
[820]
[821]
[822]
[823]
[824]
[825]
[826]
[827]
[828]
[829]
[82]
[830]
[831]
[832]
[833]
[834]
[835]
[836]
[837]
[838]
[839]
[83]
[840]
[841]
[842]
[843]
[844]
[845]
[846]
[847]
[848]
[849]
[84]
[850]
[851]
[852]
[853]
[854]
[855]
[856]
[857]
[858]
[859]
[85]
[860]
[861]
[862]
[863]
[864]
[865]
[866]
[867]
[868]
[869]
[86]
[870]
[871]
[872]
[873]
[874]
[875]
[876]
[877]
[878]
[879]
[87]
[880]
[881]
[882]
[883]
[884]
[885]
[886]
[887]
[888]
[889]
[88]
[890]
[891]
[892]
[893]
[894]
[895]
[896]
[897]
[898]
[899]
[89]
[900]
[901]
[902]
[903]
[904]
[905]
[906]
[907]
[908]
[909]
[90]
[910]
[911]
[912]
[913]
[914]
[915]
[916]
[917]
[918]
[919]
[91]
[920]
[921]
[922]
[923]
[924]
[925]
[926]
[927]
[928]
[929]
[92]
[930]
[931]
[932]
[933]
[934]
[935]
[936]
[937]
[938]
[939]
[93]
[940]
[941]
[942]
[943]
[944]
[945]
[946]
[947]
[948]
[949]
[94]
[950]
[951]
[952]
[953]
[954]
[955]
[956]
[957]
[958]
[959]
[95]
[960]
[961]
[962]
[963]
[964]
[965]
[966]
[967]
[968]
[969]
[96]
[970]
[971]
[972]
[973]
[974]
[975]
[976]
[977]
[978]
[979]
[97]
[980]
[981]
[982]
[983]
[984]
[985]
[986]
[987]
[988]
[989]
[98]
[990]
[991]
[992]
[993]
[994]
[995]
[996]
[997]
[998]
[999]
[99]
