Fail to parse DAS record=map[das:map[expire:1588418390 instance:prod/global primary_key:lumi.number record:1 services:[dbs3:runsummaries]] lumi:[map[max_lumi:1382]] qhash:f7b7cb03b60ecc4b32afd821750d0570], keys=[lumi [0] number], error=Key path not found
Fail to parse DAS record=map[das:map[expire:1588418390 instance:prod/global primary_key:lumi.number record:1 services:[dbs3:runsummaries]] lumi:[map[max_lumi:1382]] qhash:f7b7cb03b60ecc4b32afd821750d0570], keys=[lumi [0] number], error=Key path not found
[1,2,6,3,4,8,5,7]
[1007,1002,1004,1005,1001,1003,1006,1008]
[1014,1011,1012,1013,1009,1016,1010,1015]
[1026,1017,1018,1021,1022,1020,1023,1019]
[1027,1028,1032,1024,1033,1029,1025,1030]
[1041,1044,1034,1039,1043,1037,1042,1038,1035,1036]
[1050,1051,1052,1049,1048,1046,1053,1045,1047,1054]
[106,101,103,104,108,107,102,105]
[1065,1067,1063,1064,1068,1069,1066,1055,1061,1062]
[1070,1071,1076,1074,1075,1078,1080,1072,1073,1077]
[1085,1087,1091,1081,1083,1086,1090,1082,1084,1079]
[1093,1098,1097,1088,1096,1099,1092,1089,1095,1094]
[1107,1102,1103,1101,1109,1108,1104,1106,1100,1105]
[1112,1117,1120,1110,1116,1115,1118,1111,1114,1113]
[1119,1131,1121,1122,1124,1125,1123,1132]
[1126,1057,1060,1127,1056,1128]
[1130,1058,1273,1059,1272,1129]
[1137,1140,1134,1135,1139,1133,1136,1138]
[1145,1144,1148,1146,1147,1141,1143,1142]
[1154,1159,1151,1160,1149,1155,1152,1150,1153,1158]
[1164,1166,1163,1168,1165,1170,1167,1161,1162,1169]
[117,121,128,122,123,119,118,116,125,124]
[1172,1175,1176,1173,1178,1171,1177,1174]
[1181,1183,1189,1186,1187,1190,1182,1188]
[1198,1203,1205,1199,1204,1194,1195,1208]
[12,13,15,10,9,18,17,14,16,11]
[120,109,113,111,115,114,112,110]
[1200,1193,1185,1179,1184,1191,1192,1180]
[1201,1196,1207,1202,1197,1206,1223,1226]
[1209,1213,1215,1216,1211,1210,1212,1214]
[1222,1221,1219,1218,1217,1220,1224,1225]
[1234,1240,1241,1242,1232,1233,1239,1235,1238,1231]
[1247,1253,1254,1264,1246,1255,1256,1265]
[1248,1227,1243,1229,1230,1236,1237,1244,1228,1245]
[1259,1258,1251,1260,1250,1249,1257,1252,1261,1262]
[1263,1266]
[1268,1267,1276,1278,1270,1277,1280,1269]
[1282,1275,1281,1271,1274,1283]
[1289,1294,1297,1296,1301,1288,1295,1292,1293,1305]
[1290,1285,1286,1284]
[1302,1307,1308,1303,1309,1311,1312,1310,1306,1315]
[1304,1300]
[1322,1324,1325,1319,1326,1327,1331,1323,1321,1330]
[133,129,126,132,127,134,130,131]
[1334,1335,1329,1333,1337,1336,1338,1328,1339,1332]
[1343,1287,1291,1298,1352,1317,1350,1299,1318,1342]
[1345,1346,1344,1349,1340,1348,1341,1355,1351,1347]
[135,139,141,136,140,142,137,138]
[1353,1354]
[1356,1360]
[1357,1358,1372,1364,1365,1373]
[1362,1359,1369,1370,1313,1316,1320,1363,1368,1371,1314,1361]
[1367,1366]
[1374,1378,1381,1377,1379,1382,1380,1376,1375]
[143,145,146,149,144,147,150,148]
[152,157,153,155,158,151,154,160,156,159]
[163,167,168,166,162,165,161,164]
[172,173,174,175,170,176,169,171]
[184,182,187,188,178,180,185,181,177,179]
[186,183]
[195,200,189,191,190,192,193,194]
[199,198,201,197,204,202,203,196]
[212,207,209,210,211,214,206,205,213,208]
[218,222,221,217,219,226,216,220,223,215]
[23,19,26,20,22,21,24,25]
[230,225,228,224,227,240,229,231,233,232]
[234,237,236,242,238,235,239,241]
[248,245,244,246,249,243,250,247]
[252,332,334,256,333,253,255,331,251,254]
[261,260,258,259,262,257]
[263,272,266,276,270,273,269,277]
[265,264]
[267,268]
[274,275]
[278,282,279,288,283,281,285,284]
[28,30,31,32,27,29,33,40]
[280,271]
[289,292,293,291,294,286,290,287]
[296,300,297,298,301,302,295,299]
[310,320,304,303,308,306,311,307,309,305]
[315,321,322,316,314,319,313,312,318,317]
[328,324,326,329,325,323,327,330]
[338,340,339,335,341,342,336,337]
[348,349,345,350,343,344,346,347]
[356,353,355,354,360,351,352,357]
[359,364,461,361,362,358,363,462]
[365,366,369,370,368,367]
[371,389,392,393,381,382,372,390]
[376,1040,1157,1031,913,931,1156,375,912,932]
[383,380,388,379,387,386]
[384,1279,377,385,378]
[395,394]
[397,408,398,399,405,396]
[400,409,391,410,406,414,413,407]
[417,418,416,424,415,425]
[419,435,411,420,412,434]
[42,35,41,39,44,38,43,34,36,37]
[422,403,421,404,373,374]
[431,442,448,440,445,441]
[432,429,430,433]
[437,436]
[439,446,428,402,447,427,401,438]
[444,454,453,443,459,426,423,460]
[452,455,450,451,449,456]
[457,458]
[464,463,469,466,465,467,468,471,470,480]
[473,477,474,479,478,475,472,476,481,482]
[483,484,488,489,490,486,487,485]
[495,491,493,497,496,498,492,494]
[50,46,48,45,51,49,47,52]
[503,499,500,501,504,505,502,506]
[508,509,520,512,513,507,510,511]
[519,518,515,517,514,522,516,521]
[528,524,529,523,526,530,525,527]
[53,54,60,56,57,59,58,55]
[531,533,536,537,538,532,534,535]
[543,544,547,539,548,541,545,546,540,542]
[551,554,560,553,557,556,549,550,555,552]
[559,562,565,566,568,558,561,564,563,567]
[571,578,573,569,570,574,575,572,577,576]
[588,579,584,585,583,586,580,587,581,582]
[589,590,595,596,597,591,594,593,592,600]
[601,602,608,599,603,604,605,598]
[611,607,612,610,614,609,613,606]
[621,620,623,615,618,619,622,617,626,616]
[629,632,627,630,640,624,625,628,631,633]
[634,636,637,642,643,638,644,639,635,641]
[648,649,651,647,652,645,650,646]
[65,61,68,64,67,63,62,66]
[659,661,653,656,658,657,655,660,654,662]
[668,670,665,667,663,669,664,666,671,680]
[673,675,681,676,677,674,682,672,678,679]
[687,692,686,689,688,684,690,683,685,691]
[697,699,701,696,698,702,695,693,700,694]
[703,704,710,708,705,706,707,709]
[715,718,720,719,711,714,712,713,716,717]
[723,729,722,725,728,726,727,721,724,730]
[732,735,738,736,733,731,739,740,734,737]
[74,71,72,75,70,73,69,80]
[741,749,745,744,742,746,747,748,743,750]
[751,758,760,756,759,752,757,754,755,753]
[76,79,83,82,77,81,78,84]
[763,766,764,761,765,768,762,767]
[772,774,777,778,773,775,769,776,770,771]
[784,780,785,783,781,782,779,786]
[790,791,792,795,789,800,788,794,793,787]
[801,802,804,803,798,808,799,796,797,805]
[811,815,816,806,809,812,807,813,814,810]
[822,826,817,820,824,819,823,818,825,821]
[830,833,827,832,828,840,829,831]
[834,845,837,841,838,835,848,839,836,842]
[844,843]
[850,856,855,846,847,849,851,852,857,858]
[853,854]
[860,865,864,867,866,861,863,862,859,868]
[877,869,872,870,871,875,876,880,873,874]
[885,886,884,883,879,887,888,881,878,882]
[889,892,890,891,895,896,894,893]
[900,897,902,898,901,903,906,899]
[905,908,910,909,904,920,907,911]
[91,89,87,85,88,86,90,92]
[916,918,921,917,915,922,919,914]
[927,928,933,934,923,929,930,924,926,925]
[939,943,938,942,940,941,936,937,935,946]
[960,947,948,944,951,952,949,945,953,950]
[961,956,954,957,962,964,963,958,955,959]
[966,968,972,967,969,970,965,971]
[97,99,93,95,94,96,98,100]
[975,979,982,974,978,973,976,980,981,977]
[988,990,985,983,987,989,986,984]
[993,997,998,991,995,999,994,992,996,1000]
