Fail to parse DAS record=map[das:map[expire:1588418203 instance:prod/global primary_key:lumi.number record:1 services:[dbs3:runsummaries]] lumi:[map[max_lumi:1766]] qhash:08c8906608b45bf8d77183e36c9f8a24], keys=[lumi [0] number], error=Key path not found
Fail to parse DAS record=map[das:map[expire:1588418203 instance:prod/global primary_key:lumi.number record:1 services:[dbs3:runsummaries]] lumi:[map[max_lumi:1766]] qhash:08c8906608b45bf8d77183e36c9f8a24], keys=[lumi [0] number], error=Key path not found
[100,156]
[1001,1003]
[1002,1007]
[1006,932]
[1008,1004]
[101,369]
[1010]
[1011,1005]
[1012,1013]
[1014,1009]
[1015,1017]
[1016,973]
[1018,1344]
[102,212]
[1021,1019]
[1022,1026]
[1024,1028]
[1029,1033]
[1031,1023]
[1034,1030]
[1035,1037]
[1036,1025]
[1038,1039]
[104,79]
[1040,1043]
[1042,1044]
[1046,1027]
[1048,1041]
[1049,1047]
[105,125]
[1050,1208]
[1051,1053]
[1052,1032]
[1054,1055]
[1059,1056]
[106,160]
[1061,1060]
[1063,1062]
[1064,1073]
[1065,1057]
[1066,1058]
[1067,1070]
[1068,1069]
[107,360]
[1072,1074]
[1075,1077]
[1076,1082]
[1079,1171]
[1081,1078]
[1083,1084]
[1085,1086]
[1087,1088]
[108]
[109,117]
[1090,1089]
[1091,1104]
[1092,1093]
[1097,1080]
[1098,1096]
[110,111]
[1100,1094]
[1101,1099]
[1102,1108]
[1105,1103]
[1109,1215]
[1110,1106]
[1111,1231]
[1113,1112]
[1114,1116]
[1115,1117]
[1118,1144]
[1120,1119]
[1121,1122]
[1124,1125]
[1126,1127]
[1129,1128]
[1130,1123]
[1131,1134]
[1132,1248]
[1135,1251]
[1138,1143]
[1139,1136]
[113]
[114,87]
[1140,1137]
[1141,1235]
[1142,1232]
[1145,1149]
[1147,1146]
[1148,1161]
[1151,1164]
[1152,1150]
[1153,1154]
[1155,1157]
[1158,1156]
[1159,1395]
[1160,1071]
[1162,1163]
[1165,1166]
[1168,1167]
[1173,1172]
[1175,1178]
[1176,1174]
[118,188]
[1180,1179]
[1182,1181]
[1183,1177]
[1185,1184]
[1186,1187]
[1189,1188]
[1190,1191]
[1192,1193]
[1196,1194]
[1197,1249]
[1199,1201]
[1200,1195]
[1202,1204]
[1203,1214]
[1206,1205]
[1207,1198]
[120]
[1210,1212]
[1211,1209]
[1213,1216]
[1218,1245]
[1219,1220]
[1222,1221]
[1223,1225]
[1224,1217]
[1226,1227]
[1228,1229]
[1230,1107]
[1234,1233]
[1236,1237]
[1238,1240]
[1239,1258]
[123]
[124,145]
[1242,1244]
[1243,1247]
[1246,1250]
[1252,1257]
[1253,1254]
[1255,1269]
[126,148]
[1260,1256]
[1262,1261]
[1264,1263]
[1265,1259]
[1266,1270]
[1271,1272]
[1276,1273]
[1278,1277]
[1280,1279]
[1281,1285,1286]
[1282,1169]
[1283,1241]
[1287,1288]
[1289,1290,1316]
[1291,1294]
[1292,1170]
[1295,1300,1293]
[1296,1297]
[1299,1298]
[130,137]
[1301,1303]
[1304,1307]
[1305,1302,1306]
[1309,1308,1312]
[131,116]
[1313,1310,1311]
[1315,1314,1318]
[1317,1095]
[1319,1267]
[132,119]
[1320,1322,1321]
[1323,1324,1330]
[1328,1325,1268]
[1329,1274,1275]
[1332,1327]
[1333,1335]
[1336,1337,1334]
[1339,1338]
[1342,1284,1340]
[1343,1341,1345]
[1346]
[1347,1361,1356]
[134]
[135,272]
[1350,1355,1351]
[1352,1353,1348]
[1358,1371,1366]
[1359,1362,1363]
[136,206]
[1360,1382,1354]
[1365,1349,1357]
[1369,1368]
[1372,1410,1401]
[1373,1375,1367]
[1376,1377,1379]
[1378,1667]
[138,112]
[1380,1422]
[1386,1384]
[1387,1752]
[1388,1331]
[139,65]
[1390,1482]
[1391,1397,1424]
[1392,1398,1389]
[1393,1364,1385]
[1394,1370,1407]
[1396,1381,1383]
[140,127]
[1400,1402]
[1403,1406]
[1405,1326,1411]
[1408,1404,1409]
[1416,1413]
[1418,1414]
[1419,1420]
[142,159]
[1421,1432]
[1427,1429,1428]
[1431,1446]
[1433,1415,1417]
[1435,1439,1434]
[1436,1438]
[1437,1430,1423]
[1440,1426]
[1441,1443]
[1448,1470]
[1449,1454]
[1452,1475]
[1453,1592]
[1455,1445]
[1456,1457]
[1458,1524,1487]
[1459,1466,1471]
[1461,1412]
[1462]
[1463,1468,1469]
[1464]
[1465,1545,1505]
[1467]
[147,153]
[1472,1593,1451]
[1473,1478,1488]
[1477,1479,1474]
[1480,1523,1444]
[1481,1476]
[1484,1493,1500]
[1485,1489]
[149,163]
[1490,1483]
[1491,1519,1510]
[1492,1425]
[1496,1486]
[1497,1501]
[1498,1534]
[1499,1494]
[14]
[150,152]
[1502,1655]
[1504,1460]
[1506,1511,1529]
[1509,1495,1514]
[151,168]
[1512,1450]
[1515]
[1516]
[1517,1742]
[1522,1520]
[1526,1521]
[1527,1525,1528]
[1530,1541,1544]
[1532]
[1535,1531]
[1538,1539,1542]
[1540]
[1543,1507,1579]
[1546,1508]
[1548]
[155,199]
[1550,1555]
[1551]
[1552,1537,1536]
[1553]
[1554,1557,1549]
[1556,1594,1603]
[1558,1566,1568]
[1559,1561,1562]
[1560]
[1564]
[1567,1569,1563]
[1570,1596]
[1571,1575,1598]
[1572]
[1574]
[1576,1633,1701]
[1577,1513]
[158,143]
[1581,1442]
[1583,1580,1582]
[1584,1573,1578]
[1586,1503,1565]
[1587,1595,1597]
[1588,1599]
[1589,1447]
[1591]
[15]
[1600,1627,1651]
[1601,1590,1533]
[1607]
[161,144]
[1610,1612]
[1614,1630,1647]
[1615,1613]
[1616,1617]
[1618,1619]
[162,208]
[1620,1621]
[1624,1631]
[1625,1628,1623]
[1629,1605,1602]
[1632,1626,1608]
[1634]
[1635,1638,1640]
[1637,1644]
[1639,1654]
[164,215]
[1641,1643,1645]
[1642,1731]
[1646,1609,1604]
[1649,1657]
[1650,1636,1648]
[1652]
[1653,1658,1663]
[1659,1656]
[165]
[1660,1622]
[1661,1673]
[1662,1714]
[1664,1666]
[1665,1670,1755]
[1668]
[167,224]
[1671,1133]
[1672,1606]
[1674,1675]
[1676,1374]
[1678,1611,1585]
[1681,1679]
[1682,1680]
[1683,1669]
[1684,1688]
[1685,1730]
[1686,1399]
[1687,1691]
[1689,1699]
[169,288]
[1693,1692]
[1695,1694]
[1697,1748]
[1698,1690]
[170,103]
[1700,1705]
[1702,1712]
[1703,1706,1696]
[1704,1711]
[1708,1709,1707]
[1715,1726,1723]
[1717,1759]
[1719,1720,1710]
[1721,1718]
[1722,1724]
[1725,1751]
[1727,1729]
[1728,1716]
[1732,1733]
[1735,1518]
[1736]
[1737]
[1738]
[173]
[1740,1739]
[1741]
[1743,1734]
[1744]
[1745]
[1747]
[1749,1713]
[175,194]
[1750,1547]
[1754,1677]
[1756,1753]
[1757,1758]
[176,179]
[1760,1763,1746,1762,1761]
[1766,1764,1765]
[17]
[180,187]
[181,115]
[182,277]
[183,171]
[184]
[185]
[186]
[189]
[19,75]
[190,292]
[191]
[192,209]
[193,220]
[195,340]
[196]
[197,235]
[198,154]
[20,18]
[200,166]
[203,233]
[207]
[21,141]
[210]
[211,213]
[216,205]
[217,254]
[218,227]
[219,214]
[221]
[222,228]
[223,204]
[225,265]
[226,174]
[229,178]
[23,25]
[230,243]
[231,263]
[232,239]
[236,88]
[238,146]
[24,22]
[240,289]
[241]
[245,259]
[246,256]
[247,293]
[248,242]
[250,271]
[251]
[252]
[253,234]
[255]
[258,398]
[260]
[261]
[262,201]
[266,317]
[267]
[268,284]
[269,244]
[26]
[27,61]
[270]
[275,16]
[276,274]
[279]
[282,296]
[283,273]
[285,415]
[286]
[287,281]
[28]
[291,290]
[295,280]
[298,300]
[299]
[29]
[30,72]
[304]
[305,314]
[307,278]
[308,378]
[309,310]
[312,311]
[313,249]
[315]
[316,318]
[319,301]
[31]
[32,35]
[320,321]
[322,326]
[323,337]
[324]
[325]
[327,349]
[328,332]
[330,331]
[333,334]
[335]
[336]
[339,343]
[33]
[34,55]
[341]
[342,359]
[344,345]
[346]
[348,350]
[352,347]
[354,353]
[355]
[356,306]
[357,303]
[361]
[362,338]
[363,264]
[365,367]
[366,404]
[368,376]
[370,379]
[371,351]
[372,95]
[373]
[375,374]
[377]
[38,36]
[380]
[381,382]
[383,400]
[384,237]
[385,364]
[386]
[387,257]
[389,388]
[39,63]
[390,358]
[391,409]
[392,302]
[393,202]
[395]
[396,394]
[397]
[401,538]
[402,426]
[403]
[406,434]
[407,454]
[408]
[40]
[410]
[411]
[412]
[413,483]
[414]
[417]
[419,294]
[41]
[420,444]
[421,416]
[422,435]
[423,480]
[424]
[425,442]
[427]
[428]
[429,441]
[42]
[43,133]
[430,625]
[433,576]
[436]
[437]
[438,439]
[44,62]
[443]
[445,471]
[446]
[448,440]
[449]
[450]
[451]
[452]
[453]
[455]
[456,405]
[457]
[458]
[45]
[460,519]
[461]
[462,470]
[463,502]
[464]
[465]
[466]
[467,593]
[468]
[469]
[474,558]
[475,447]
[477]
[478,513]
[479]
[47]
[481]
[482]
[484]
[485,476]
[489,531]
[48]
[490]
[493]
[494,491]
[495,657]
[497,498]
[499,544]
[500,578]
[501,561]
[504]
[505]
[506,473]
[507]
[508,487]
[50]
[51,129]
[510,57]
[511]
[512]
[514,509]
[515]
[516,432]
[517]
[518]
[521]
[522]
[523,503]
[524,534]
[525,418]
[527,677]
[528]
[529,459]
[53,59]
[530]
[532]
[533]
[536]
[537]
[539,796]
[54,399]
[540]
[541]
[542,520]
[543]
[545,559]
[546]
[547]
[548]
[549,526]
[550]
[551,535]
[552]
[553]
[554,431]
[555,486]
[556,557]
[56,71]
[563,562]
[564,560]
[565,571]
[567,610]
[569]
[570,566]
[573]
[574]
[575]
[579,581]
[58,46]
[582,602]
[584,572]
[586]
[587,496]
[589,703]
[590,680]
[591]
[592]
[594,583]
[595,616]
[596,629]
[597]
[598,577]
[60,52]
[600,588]
[601,605]
[604,607]
[609,608]
[611,647]
[612,681]
[613,617]
[614]
[615,606]
[618]
[619,620]
[621,624]
[622,720]
[623]
[626,492]
[627,585]
[628,632]
[630,580]
[633]
[634,666]
[636]
[637]
[638]
[639,648]
[64,66]
[640,741]
[641,674]
[642,635]
[643,651]
[645,488]
[646,715]
[649,599]
[652,693]
[654,655]
[659,669]
[660,656]
[662]
[663,667]
[665,678]
[668,716]
[670]
[671,631]
[672,653]
[673]
[675,664]
[676,723]
[679]
[67]
[68,93]
[682,472]
[684,689]
[685,842]
[686]
[687]
[688]
[69,37]
[690]
[694,691]
[695,733]
[696]
[697]
[698,658]
[699,701]
[70,74]
[700,722]
[702,661]
[704,329]
[705]
[707,706]
[708,854]
[709]
[711]
[713]
[714,710]
[717]
[718,738]
[719,650]
[721,727]
[724,753]
[726]
[729,712]
[73,85]
[730]
[731,683]
[732,692]
[734,772]
[735]
[736,644]
[737,785]
[739]
[740,749]
[742,766]
[743,603]
[744]
[745]
[746,728]
[747]
[748]
[751,750]
[752]
[754]
[755,568]
[756]
[757,812]
[758,768]
[76,128]
[760,830]
[762,725]
[763]
[764]
[765]
[767]
[769]
[77,98]
[770,847]
[771]
[774,761]
[776]
[777]
[779]
[780,782]
[784,789]
[786,778]
[788,775]
[791,790]
[792,832]
[793]
[794,783]
[795,773]
[797]
[798,952]
[799]
[80,78]
[801,759]
[802]
[803]
[804,810]
[805,807]
[806,800]
[809,808]
[81,49]
[811,813]
[814,820]
[816,849]
[817,815]
[819,845]
[821,838]
[823,818]
[824,835]
[825,891]
[826]
[827,828]
[829,833]
[83,122]
[831,851]
[834]
[837]
[839]
[84,82]
[840]
[841,836]
[843]
[844]
[850]
[852]
[853,914]
[855,893]
[856,868]
[859]
[860]
[861]
[862]
[863,781]
[864,787]
[865]
[866]
[869,879]
[870]
[872,846]
[873]
[874,867]
[876,857]
[877,858]
[880,871]
[882,875]
[884,848]
[885,886]
[888,881]
[889,901]
[89,297]
[890,923]
[892]
[894,897]
[895,907]
[896,899]
[898]
[900,883]
[902,887]
[904,918]
[905,822]
[906,938]
[908,903]
[909]
[90]
[91,177]
[910,912]
[911,878]
[913]
[916]
[919]
[920,917]
[922]
[924,921]
[925,1045]
[926,969]
[927,934]
[929,928]
[92]
[930,915]
[931,933]
[935]
[937,958]
[94,86]
[940,946]
[942,939]
[943,941]
[944,950]
[945,947]
[949,998]
[951,936]
[953,955]
[954,957]
[956,948]
[96,157]
[960,961]
[962,959]
[964,963]
[965,984]
[97,121]
[970,966]
[971,967]
[974,972]
[975,976]
[977,968]
[978,981]
[979,980]
[983,982]
[985,994]
[987,988]
[989,986]
[99,172]
[990,991]
[992,993]
[996,995]
[997,1000]
[999,1020]
