Fail to parse DAS record=map[das:map[expire:1588418174 instance:prod/global primary_key:lumi.number record:1 services:[dbs3:runsummaries]] lumi:[map[max_lumi:828]] qhash:0fb21e1b90c87f99d418f7e081863ab8], keys=[lumi [0] number], error=Key path not found
Fail to parse DAS record=map[das:map[expire:1588418174 instance:prod/global primary_key:lumi.number record:1 services:[dbs3:runsummaries]] lumi:[map[max_lumi:828]] qhash:0fb21e1b90c87f99d418f7e081863ab8], keys=[lumi [0] number], error=Key path not found
[100,135]
[102,251]
[104,105]
[107,109]
[110]
[111,108]
[112,287]
[113,103]
[114,117]
[115,155]
[119,153]
[120,167]
[121,124]
[123,116]
[125,60]
[126,150]
[127,122]
[129,97]
[130,92]
[131,154]
[132,133]
[134,140]
[137,319]
[138,143]
[139,118]
[142,146]
[147,136]
[149,141]
[151,240]
[152,145]
[157,165]
[158,156]
[159,39]
[160,20]
[162,144]
[163,175]
[166,283]
[168,169]
[170,279]
[171,128]
[174]
[176,164]
[178,177]
[179,180]
[181,182]
[183,99]
[184,43]
[185]
[186,208]
[187,194]
[190,148]
[193,199]
[196,35,189]
[197,191]
[198,213]
[200,173]
[201,202]
[203,205]
[204,215]
[206,207]
[210,262]
[211,209]
[214,219]
[216,282]
[217,400,329]
[220,223]
[224,354,326]
[225,663]
[226,228]
[230,229]
[231,245]
[232,269]
[233,249]
[235,234]
[237]
[239,295]
[241,244]
[243,238]
[247,275]
[24]
[250,372]
[252,242]
[253,246]
[254,172]
[255,257]
[256,259]
[258,260]
[25]
[26,69]
[263,248]
[27,68]
[270,236]
[271,311]
[274,278,285]
[276,290]
[277,272,273]
[280,266,261]
[281,368,383]
[284,264]
[288,317,300]
[289,192]
[28]
[292,286]
[294,312]
[296,297,299]
[298,293]
[29]
[301,195]
[302,304]
[303,314,313]
[306,30]
[308,309]
[310,305,307]
[316,315]
[318,321,291]
[32,33,31]
[323,328,218]
[324,320,322]
[330,334]
[331,407,418]
[335,327,346]
[337,341,376]
[34,188]
[343,356,360]
[348,221,395]
[350,336]
[351,724]
[352,339]
[358,265,268]
[36,42]
[361,430,349]
[363,673,437]
[364,347,357]
[367,413,408]
[369,345,675]
[370,227,366]
[371,378]
[373,375,384]
[374,676,743]
[377,267]
[379,355,359]
[38,22]
[382,340,380]
[387,409]
[389,390,362]
[391,161]
[394,388]
[396,411]
[397,381,392]
[398,212,344]
[399,401,420]
[405,414,412]
[40]
[41,37]
[410,721]
[415,406,386]
[421,678,687]
[422,333,332]
[423,442]
[424,222,393]
[425,428,325]
[426,404]
[429,439,427]
[431,338,353]
[432,669,433]
[434,402,436]
[438,711,740]
[44,54]
[440,435,668]
[441,691,342]
[444,773,772,708]
[445,659,664]
[45]
[46,55]
[47,56]
[48,74]
[49]
[53,50]
[57,52]
[58,89]
[61,59]
[62,66]
[63]
[65,67]
[656]
[657,681,679,683]
[658,416,417]
[662,661,677,660]
[665,666,667,690]
[680,685]
[684,770,670]
[688,403,672]
[693,689]
[694,709,682,671]
[697,696,718]
[698,674,419]
[701,703,686,692]
[702,727,729,723]
[704,700,714,716]
[705,725]
[706,733,385]
[707,443]
[71,70]
[710,715,365]
[712]
[717,720,695,722]
[719]
[72,51]
[726]
[728,713,699]
[73,80]
[731,734,742,732]
[735]
[737,751,746]
[739,730,755,775,776]
[744,764,758]
[748,745,757,749]
[75,76]
[753,738,754,747]
[759,760,741,736]
[762,750,761,756]
[763]
[767,77,766]
[768,774,765,777,779,780,781]
[769]
[771]
[778,752]
[78,88]
[785,787,827,783,782,828]
[788,784,786,790,791]
[789]
[79,91]
[796,795,804,793,794]
[798,799,801,797]
[805]
[806,792,800,802,817]
[810,808,812,803,809]
[813,816,811,814]
[815]
[81]
[82,23]
[820,821,823,818,822]
[826,807,825,819,824]
[83,21]
[84]
[85,90]
[86]
[93,64]
[94,87]
[95]
[96,106]
[98,101]
