Fail to parse DAS record=map[das:map[expire:1588418170 instance:prod/global primary_key:lumi.number record:1 services:[dbs3:runsummaries]] lumi:[map[max_lumi:1069]] qhash:73f84ff9769d34f453dca2de3b3e490d], keys=[lumi [0] number], error=Key path not found
Fail to parse DAS record=map[das:map[expire:1588418170 instance:prod/global primary_key:lumi.number record:1 services:[dbs3:runsummaries]] lumi:[map[max_lumi:1069]] qhash:73f84ff9769d34f453dca2de3b3e490d], keys=[lumi [0] number], error=Key path not found
[1006,1025,1029,1027,1035,997,1040,994,995,1032,1033,1037,996,1001,1034,1038,999,1003,1005,1026,1028,992,1000,1004,1031,1036,1039,1041,1042,1043,993,998,1002,1007,1024,1030]
[1014,1054,1055,1011,1056,1058,1067,1018,1049,1062,1065,1066,1068,1009,1012,1015,1019,1052,1069,1010,1057,1060,1008,1013,1046,1050,1061,1063,1048,1051,1053,1064,1016,1017,1044,1045,1047,1059]
[243,255,258,261,264,278,287,317,326,342,348,349,380,436,453,459,513,523,526,527,534,537,233,251,253,256,257,275,283,296,305,313,319,322,323,327,332,341,343,345,353,356,437,442,463,475,476,477,483,484,512,232,239,246,252,254,273,274,284,286,290,295,307,312,315,318,321,324,331,333,338,346,350,438,447,457,458,462,465,478,489,492,524,538,227,236,238,241,242,247,248,270,280,288,299,309,320,328,329,330,335,354,355,378,381,431,434,435,441,445,446,470,472,479,481,486,517,539,540,225,244,249,259,260,263,265,282,289,291,298,301,302,325,334,337,351,352,432,433,439,443,448,450,451,452,460,468,473,485,491,518,525,533,230,231,267,271,272,276,281,285,292,306,308,339,382,444,464,467,474,487,514,520,528,530,532,226,228,229,250,277,294,297,303,310,311,314,316,336,344,379,430,440,455,461,469,471,482,515,519,529,535,536,234,235,237,240,245,262,266,268,269,279,293,300,304,340,347,377,383,449,454,456,466,480,488,490,516,521,522,531]
[41,50,55,59,71,80,87,97,107,110,119,125,131,137,140,146,161,173,191,195,201,210,213,44,53,56,67,69,72,74,91,101,103,104,114,117,124,130,156,167,174,183,184,205,218,42,77,105,128,138,145,175,177,190,192,216,220,35,37,38,52,57,62,63,66,89,90,92,99,100,112,115,120,133,142,148,154,160,168,200,212,217,221,222,223,46,60,68,81,82,88,108,113,116,118,122,135,139,149,158,164,166,170,171,172,178,182,189,198,204,206,209,43,61,64,65,76,78,94,121,123,127,150,151,152,163,180,181,186,187,197,215,36,39,40,45,48,70,73,79,84,85,93,95,102,106,126,144,153,162,165,169,179,188,193,196,199,202,207,211,219,224,47,49,51,54,58,75,83,86,96,98,109,111,129,132,134,136,141,143,147,155,157,159,176,185,194,203,208,214]
[499,509,541,547,550,552,556,559,564,582,584,735,743,747,751,493,501,544,545,563,565,572,732,739,740,769,772,498,506,549,555,557,571,583,587,726,744,750,495,500,503,504,542,546,551,560,566,573,575,578,725,731,734,745,748,508,548,558,570,724,729,733,736,737,749,505,511,562,585,738,742,746,768,770,494,497,502,507,553,574,576,579,580,581,586,727,728,730,741,771,496,510,543,554,561,567,568,569,577]
[6,9,12,21,24,25,369,375,386,388,392,399,400,414,417,424,427,428,619,620,630,644,651,660,666,673,689,7,27,364,368,373,374,390,396,397,401,413,418,595,618,622,629,633,636,640,643,650,663,668,674,676,690,3,16,20,22,31,370,389,393,405,410,412,421,589,623,670,678,684,686,5,11,361,363,394,402,407,422,425,429,594,598,602,605,608,617,621,626,645,646,669,675,10,13,28,33,34,357,366,398,403,423,592,601,607,611,614,615,625,638,654,656,671,680,682,4,18,23,32,358,359,362,372,376,385,387,391,404,406,593,596,606,609,612,634,639,647,648,649,652,653,661,664,672,679,681,8,14,15,17,19,365,367,384,395,408,409,411,415,416,420,588,590,610,616,624,627,631,642,662,667,677,683,685,687,26,29,30,360,371,419,426,591,597,599,600,603,604,613,628,632,635,637,641,655,657,658,659,665,688]
[694,698,699,701,707,708,714,717,722,762,765,766,775,777,794,806,821,827,831,833,837,841,854,711,718,723,784,791,802,809,810,814,818,819,843,844,845,847,849,853,706,712,754,755,759,776,782,789,792,796,801,811,812,820,829,834,1022,1023,697,795,808,816,828,832,852,695,696,703,704,713,716,719,756,757,758,773,783,788,803,804,813,817,823,835,846,851,1021,700,702,705,709,710,763,764,767,779,780,785,787,793,799,805,825,830,838,842,691,692,693,715,752,753,760,774,778,786,790,797,800,815,822,826,836,850,1020,720,721,761,781,798,807,824,839,840,848,855]
[867,879,889,900,904,905,866,870,874,883,887,892,893,898,901,940,943,945,946,864,880,884,895,896,941,948,952,953,954,857,868,873,902,951,955,858,860,861,876,885,886,888,890,891,862,872,877,903,947,859,863,865,869,875,878,949,950,956,856,871,881,882,894,897,899,942,944,957]
[911,923,968,976,906,912,915,916,918,919,920,930,932,933,936,970,983,909,914,934,937,978,979,980,985,907,928,929,938,960,989,991,913,917,922,925,964,981,982,988,926,961,966,967,972,973,974,910,924,931,939,963,977,987,990,908,921,927,935,958,959,962,965,969,971,975,984,986]
