Fail to parse DAS record=map[das:map[expire:1588418317 instance:prod/global primary_key:lumi.number record:1 services:[dbs3:runsummaries]] lumi:[map[max_lumi:1238]] qhash:0194d1e13be41ce68481e0892d3d760b], keys=[lumi [0] number], error=Key path not found
Fail to parse DAS record=map[das:map[expire:1588418317 instance:prod/global primary_key:lumi.number record:1 services:[dbs3:runsummaries]] lumi:[map[max_lumi:1238]] qhash:0194d1e13be41ce68481e0892d3d760b], keys=[lumi [0] number], error=Key path not found
[10,19,14]
[1005]
[1006]
[1010,461,1002,1038]
[1012,1004,968]
[1013,969,1011]
[1014,987,1021,1023]
[1016]
[1017,1024,959]
[1018]
[1026,1052,1027,1030,1048]
[1028,1061,1001,1019,1033]
[1034,995,1062,960]
[1035,1108,1041]
[1036,983]
[1037,1103,1101]
[1040,1066]
[1043,1031,1152]
[1044,989,993,1000]
[1049,1053,1008]
[1050,986,1003,971]
[1051,1046]
[1055,1025]
[1056]
[1057,1022,1039]
[1060,939,958,1064]
[1063,1067,1099]
[1069,965,1076,1029,1059]
[1071,619,629,617]
[1073]
[1078,1080,1054,1065,1082]
[1081]
[1087,1168]
[1091,1072]
[1093,1098,1086,1088]
[1094,1074,1084]
[1097,1007,1102]
[110,101,103]
[1111,1085,1089]
[1112,1107,1104,1090]
[1114,1138,537]
[1115,1137,533,1110]
[1117,779,497,523]
[1119,511,1125]
[112,161,145]
[1121,1105,1122,1106,1123]
[1128,1176,42]
[1129,1124,1133]
[1130,1120,1116,621]
[1131,1075]
[1139,1144,1143,1126,1142]
[114,109,113]
[1140]
[1141,1146,1159]
[1148,1100,1145]
[1150,594,599]
[1151,1127,593,1169]
[1153,504,1149]
[1155]
[1156,1134,1136]
[116,85,117,900]
[1162]
[1164,1079]
[1166]
[1175,1174,1180]
[1177]
[1179,892,897]
[1181]
[1183]
[1184,1171,1113]
[1185,920,1182]
[1186,1172,1170]
[1187]
[1188]
[119,226,118,173]
[1190,1189]
[1191,1192]
[1193]
[1194,1227,1233,1167]
[1195]
[1196]
[1198,1197,1204,1203]
[12,13]
[1200,1199]
[1202]
[1205,1232]
[1207,1209]
[1208,1236,1238,1237,1235,1206,1234]
[1211,1210,1160,1231]
[1214,1213,1215,1212]
[1218,1216,1217,1161]
[1219]
[122,126,244,253]
[1220,1222,1201]
[1223,1221]
[1225,1229]
[1226,1228,1224]
[1230]
[125,67,132,124]
[128,120,176,155]
[130,121,123,127]
[134,184]
[135,143,144,149]
[136,133,1147,1158]
[137,139,111]
[140,179,142]
[146,172,237,212]
[147,829,106,796]
[15,105,153]
[152,158,151,159]
[154,247,285]
[162,160,164,150]
[163,266]
[165,174,169]
[166]
[167,180,192,178]
[168,269,202]
[17,18]
[170,278,341,357]
[171,336,287,305]
[175,215,203]
[177,878,887]
[183,256,213,131]
[185,200,267]
[186]
[187]
[188,223,245]
[189,280,129,225]
[191,195,190,208]
[194,93,148]
[196,473]
[197,242,239,204]
[1]
[20,16]
[201,193,199]
[207,198]
[209,181,249]
[21,28]
[214]
[216,251,230]
[217,250]
[220]
[228,182,236]
[229,233,748]
[231,206,248,221]
[238,274,801]
[24,26]
[240,219,210,235]
[25,29,33]
[254,402,211]
[255,265,246,241]
[258,260]
[262,156,157]
[263]
[264,252,272,277]
[268]
[270,276,205,222]
[271,320,525,324]
[273,335,257,331]
[275]
[282,334,243,337]
[283]
[284,350,314,363]
[286,297]
[290,292,300]
[291]
[295]
[298,293]
[299,302,303]
[30,22]
[304,306]
[308,309,307,310]
[31,27]
[311]
[315,316,312,732]
[318,227,895,218]
[321,322,317,289]
[325,368,440]
[326,323,328,329]
[327,313,319,279]
[32]
[332,403]
[338,874,854]
[339,340,330]
[34,46,38]
[342,288]
[347,346,333]
[348,345,343,349]
[351,354,78,344]
[353,352,355,382]
[356,441,395,371]
[35]
[362,232,383]
[364,859,840]
[367]
[369,234,370]
[372,361,384]
[373]
[374,259,359,414]
[376,387,406,400]
[377,261,365,366]
[378,379]
[37]
[380]
[381]
[388]
[389,421,385,415]
[39,53,57]
[392,752,412,375]
[393,391,408]
[394,884,891]
[3]
[4,7]
[40,49,41]
[401,397,758,753]
[405,780,360,417]
[409,418,396,463]
[411]
[416]
[420,770,422,806]
[429,434,431]
[430,294,433]
[432,301]
[439,457]
[43]
[442,435,398,838]
[444,426,428,410]
[445]
[447,797,419]
[448,424]
[449,404,451]
[450,437,824]
[455]
[456,493,482]
[458]
[459]
[462,1047,1154]
[465,870,492,494]
[467]
[468,542,516]
[469,464,460,438]
[470]
[471]
[474]
[475,454,452]
[478,472,466]
[479]
[47]
[48,44,36]
[480]
[484,481]
[486,485,487]
[490,882,868,881]
[491,530,534]
[495]
[496,515,508,502]
[499,2]
[51,95,71]
[510,591,513]
[518,514,512]
[519,535,500,517]
[520]
[522,501,528,527]
[526,488,506,507]
[529,548,582]
[532]
[536,296]
[538,509]
[543,552,539,541]
[544,562,576,559]
[545,531,483,489]
[547,550,546]
[55,61,45,52]
[551,524]
[554,557]
[556,503,555]
[560,569,553]
[561]
[564,572,566,568]
[565]
[573,567,571]
[574,586,587,590]
[578,579,575]
[58,56,54]
[581,580]
[584,570,603,588]
[585,549]
[589]
[59,23]
[595,1132,498,592]
[597,717,657,627]
[598,563]
[5]
[6,11]
[600,607]
[604,602,601,615]
[605,540]
[608,609,577]
[610]
[611,558,583]
[612]
[614]
[616]
[618]
[620]
[622]
[624]
[626]
[628]
[630]
[631,637,596,606]
[632,729,636]
[633]
[635,505,634,613]
[640,638,625]
[641,639,649,651]
[642]
[643,654]
[644]
[645]
[646]
[647]
[648,656,655]
[650]
[652]
[658,659,663,662]
[660]
[661,772,769,789]
[664]
[668,666,667,665]
[672,669,673]
[674,686,677,678]
[675,670,676,671]
[679,681,682]
[680,688,689,685]
[684,695,683]
[69,115,77]
[690,1095,653]
[691]
[693]
[694,692,1109]
[696,701,698,699]
[702,700,703]
[705,946,710]
[707,709,708,706]
[711,713,714,712]
[719,715,718,716]
[72,62,63,65]
[721,720,723,722]
[724]
[725]
[726]
[727]
[730,935,934]
[731]
[733]
[734]
[735,756,623,860]
[736]
[738]
[739,817,813,745]
[74,60,50,66]
[740]
[741,737,862,885]
[742]
[746]
[749]
[754,521,757,759]
[762,768,755,775]
[763,774,767,761]
[764,842,853]
[76]
[771,982,747,777]
[776,783,781]
[782,423,399,358]
[784,773,778,766]
[785,1070,1083]
[786,814,834,816]
[79,80,81]
[790,804,788]
[791,809,787,803]
[795,852,855,865]
[798,831,880,743]
[799]
[800,687,1020,1092]
[802,851,845,847]
[805,823,750,841]
[808,425,815,427]
[811,792,807,819]
[812,386,390,793]
[818,836,810,830]
[820,407,760,413]
[822,826,828]
[83,64,68]
[832,453]
[837,827,821,825]
[843,877,436,446]
[849,443]
[84]
[850,224,848,107]
[856,833,835,846]
[857]
[858,765,794,886]
[86,82,75]
[861,477,863,866]
[867,876,844,883]
[869,281,839]
[871,873]
[875,476,879]
[87]
[888,1173,928]
[89,94,91,88]
[890,751,744,864]
[894,1135,1157]
[896,929,893,916,1163]
[898,902,904]
[899,927]
[8]
[90,70,73]
[901,922,923]
[903,1178,933,932]
[906,905,909,917]
[907,915,1165]
[908,704,697,872]
[910,924,1096]
[914,913,918,912]
[919,921,926]
[937,931,938,936]
[940,1118,955]
[941,930]
[943,957,977,979]
[944]
[945]
[947,972,728]
[948,964,962,991]
[949,953,984,961]
[950,942,1077]
[952,1068,1058]
[96,100]
[963,1015,1009]
[966,978]
[97,92]
[970,974,956]
[973,889,925]
[975,1045,951]
[976]
[98,102,108,104]
[980,1042,1032]
[981]
[985,954]
[988,999,967]
[99,138,141]
[992,994,998,911,990]
[996]
[997]
[9]
