Fail to parse DAS record=map[das:map[expire:1588418312 instance:prod/global primary_key:lumi.number record:1 services:[dbs3:runsummaries]] lumi:[map[max_lumi:3475]] qhash:87135cec98fe6122a455b46b875186b3], keys=[lumi [0] number], error=Key path not found
Fail to parse DAS record=map[das:map[expire:1588418312 instance:prod/global primary_key:lumi.number record:1 services:[dbs3:runsummaries]] lumi:[map[max_lumi:3475]] qhash:87135cec98fe6122a455b46b875186b3], keys=[lumi [0] number], error=Key path not found
[1000,996]
[1002,1014]
[1005,826]
[1006,3051]
[1007,816]
[1008,744]
[100]
[1010,1024]
[1013,1021]
[1015]
[1016]
[1018,1023]
[1019,1027]
[101]
[1022,2584]
[1025,3099,3101]
[1029]
[102]
[1032,831]
[1033,1026]
[1034,1030]
[1035,2741]
[1037,1108]
[1038,1017]
[1039,1036]
[103]
[1040,1001]
[1041,2812]
[1043,1044]
[1045,1046]
[1048,2622]
[1049,1028]
[104]
[1050,1122]
[1051,1047]
[1055,1058]
[1056,1054]
[1059,1063]
[105]
[1061,1064]
[1062,1060]
[1065,1067]
[1068,1069]
[106]
[1070,1071]
[1072,1079]
[1073,1057]
[1074,1075]
[1077,1076]
[107]
[1080,1081]
[1084,1085]
[1086,1090]
[1087,1099]
[1088,1083]
[1089,1092]
[108]
[1091,1144]
[1093,1094]
[1096,1095]
[1097,1135]
[109]
[1100,1098]
[1101]
[1102]
[1103,1110]
[1104,1121]
[1105,1118]
[1106,1109]
[1107]
[110]
[1112,1082]
[1113,1156]
[1114,1115]
[1117]
[1119,1120]
[111]
[1123,1111]
[1124,1194]
[1125,1136]
[1126,1127]
[1128,1151]
[1129,1145]
[112]
[1131]
[1132,1078]
[1133,1130]
[1134]
[1137,1141]
[1138,1066]
[1139,1147]
[113]
[1140]
[1143]
[1146]
[1149]
[114]
[1150,1154]
[1152,1148]
[1155,1183]
[1157,1116]
[1158,1153]
[1159,2586]
[115]
[1160,1142]
[1162,1161]
[1163,1164]
[1165,1169]
[1167,1193]
[116]
[1172]
[1173]
[1174]
[1177,1176]
[1178,1175]
[1179]
[117]
[1181]
[1182,1208]
[1184,1189]
[1185,1171]
[1186]
[1188,1168]
[118]
[1190,1166]
[1191]
[1192]
[1195,1198]
[1196,1187]
[1199,1042]
[119]
[1200,1197]
[1202,1209]
[1203]
[1204]
[1206]
[1207,1170]
[120]
[1211,1210]
[1212,1217]
[1213,1205]
[1214,2550]
[1215,1201]
[1216,1052]
[1218,1219]
[121]
[1222]
[1223]
[1224]
[1226,1281]
[1228,1227]
[1229,1230]
[122]
[1231,1225]
[1235,1232]
[1236,1234]
[1237,1238]
[1239,1240]
[123]
[1241,1242]
[1243,1244]
[1246]
[1248,1247]
[1249,1254]
[124]
[1250,1245]
[1251,1252]
[1253,1261]
[1255,1220]
[1256]
[1258,1260]
[1259,1257]
[125]
[1263,1265]
[1264,1262]
[1266,1267]
[1268,1269]
[126]
[1270,1271]
[1273]
[1274,1272]
[1275]
[1276]
[1277]
[1278]
[1279]
[127]
[1280]
[1282,1283]
[1284,1285]
[1286,1287]
[1289,1288]
[128]
[1290,1291]
[1292,1293]
[1294,1296]
[1295,1298]
[1299,1297]
[129]
[1301,1300]
[1302,1303]
[1304,1305]
[1306,1307]
[1308,1309]
[130]
[1311,1310]
[1313,1312]
[1314,1315]
[1316,1317]
[1318,1320]
[131]
[1322,1321]
[1323,1319]
[1325,1324]
[1328,1327]
[132]
[1330,1326]
[1331,1329]
[1332,1336]
[1333,1334]
[1335,1337]
[1338,1339]
[133]
[1341,1340]
[1342,1343]
[1345,1344]
[1348,1347]
[1349,1350]
[134]
[1351,1346]
[1352,1353]
[1354,1355]
[1356,1357]
[1358,1359]
[135]
[1361,1360]
[1363,1362]
[1365,1364]
[1366,1369]
[1367,1368]
[136]
[1370,1372]
[1373,1371]
[1375,1374]
[1376]
[137]
[1381,1382]
[1384,1379]
[1385,1378]
[1386]
[1387,1391]
[1388]
[138]
[1390,1500]
[1392,1398]
[1393]
[1394,1395]
[1396,1377]
[1399,1404]
[139]
[1400,1523]
[1401,1419]
[1405,1417]
[1407,1397]
[1409,1416]
[140]
[1410,1408]
[1411,1412]
[1414,1413]
[1418,1406]
[141]
[1420,1442]
[1421]
[1422,1415]
[1423,1432]
[1424,1447]
[1425]
[1426,1478]
[1427,1439]
[1429,1402]
[142]
[1430,1428]
[1431]
[1436,1449]
[1437,1443]
[1438,1434]
[143]
[1440,1536]
[1441,1448]
[1446,1444]
[144]
[1450,1451]
[1452,1455]
[1453,1465]
[1454,1458]
[1456,1457]
[1459,1460]
[145]
[1462,1524]
[1464,1461]
[1466,1403]
[1467]
[1468]
[1469,1493]
[146]
[1470,1463]
[1472,1389]
[1473,1485]
[1476,1445]
[1477,1496]
[147]
[1480,1479]
[1481]
[1483,1520]
[1484,1482]
[1486,1475]
[1487,1505]
[1488,1471]
[1489]
[148]
[1490,1380]
[1491]
[1492,1474]
[1495,1383]
[1497,1494]
[1498,1502]
[1499,1435]
[149]
[14]
[1504,1533]
[1506,1503]
[1507,1510]
[1508]
[1509,1180]
[150]
[1512]
[1513,1501]
[1514,1541]
[1515,1535]
[1516,1233]
[1517,1518]
[1519,1522]
[151]
[1521,1511]
[1525,1539]
[1526,1528]
[1527]
[1529]
[152]
[1530]
[1531,1221]
[1532,260]
[1534]
[1538,1566]
[153]
[1540,457]
[1542,1546]
[1544,1537]
[1545,1555]
[1547]
[1548]
[1549,1604]
[154]
[1550,1722]
[1551,1563]
[1552]
[1553,1591]
[1554,1543]
[1556,1564]
[1558,1916]
[1559]
[155]
[1560]
[1561]
[1565]
[1568]
[156]
[1570]
[1571,1611]
[1572,1595]
[1573,1562]
[1574,1567]
[1575]
[1576,1577]
[1578,1620]
[157]
[1580]
[1581]
[1582,1637]
[1583]
[1584]
[1585,1622]
[1586]
[1587,434]
[1589]
[158]
[1592,1710]
[1593]
[1594]
[1597,1605]
[1598,1602]
[1599]
[159]
[1600]
[1601,1606]
[1603,1557]
[1609,1707]
[160]
[1610,1590]
[1612,1613]
[1614]
[1615,1689]
[1616,1596]
[1617,1636]
[1618,1433]
[161]
[1621,1667]
[1623,1579]
[1624]
[1625,1619]
[1626,1714]
[1628,1676]
[1629,1607]
[162]
[1630,1647]
[1632,1633]
[1634,1641]
[1635,458]
[1638]
[1639,1650]
[163]
[1640,1645]
[1642,1717]
[1644]
[1649]
[164]
[1651,1646]
[1653,1648]
[1656,1659]
[1657]
[1658]
[165]
[1660,1674]
[1661,1672]
[1663]
[1664,1712]
[1665,1681]
[1666,1655]
[1668,1678]
[1669,1687]
[166]
[1670]
[1671]
[1675,1627]
[1677,1588]
[1679,1673]
[167]
[1680,1692]
[1684]
[1685,1686]
[168]
[1690]
[1691,1693]
[1694]
[1697,1688]
[1698,1742]
[1699,1696]
[169]
[17,19,15,18,16]
[1700,1709]
[1701,1654]
[1702,1795]
[1703,1683]
[1704,1695]
[1706]
[1708,1608]
[170]
[171,172]
[1711]
[1715,1713]
[1716]
[1718,1880]
[1720,1569]
[1723]
[1724,1662]
[1725,1732]
[1726]
[1727,1682]
[1728,1721]
[173,175]
[1730,447]
[1733]
[1734]
[1735,1729]
[1737,1731]
[1739]
[1740]
[1741,451]
[1743]
[1744,1747]
[1748,1749]
[174]
[1750,460]
[1751,431]
[1752,1761]
[1753,1774]
[1755,430]
[1756,1787]
[1757,1924]
[1760]
[1762,1738]
[1763,1643]
[1764,1772]
[1765,1705]
[1766]
[1767,1800]
[1768,1736]
[1770,1801]
[1773]
[1775]
[1777,1769]
[1778,1876]
[1779,463]
[1780,1829]
[1781]
[1782,489]
[1784]
[1786,1789]
[1788]
[1790]
[1791,1776]
[1793]
[1796]
[1797,1812]
[1798,1758]
[1799,1877]
[1802,1806]
[1803,1822]
[1804,1771]
[1805,1794]
[1807,493]
[1809]
[1810,1838]
[1811,1815]
[1814,480]
[1816,1819]
[1817,1823]
[1818,1826]
[181]
[1820,1821]
[1824]
[1827,1825]
[182]
[183,184,178,180,179]
[1834,1830]
[1835,1832]
[1836,494]
[1837,1847]
[1839]
[1840,1974]
[1841,1934]
[1842,1862]
[1843,1792]
[1845,1831]
[1850,1900]
[1851,1846]
[1852,1808]
[1853]
[1855,1884]
[1856,1849]
[1859]
[185]
[1860]
[1861,1848]
[1863,1854]
[1864,1869]
[1866,1937]
[1867,1652]
[1868,1875]
[186]
[1870,1858]
[1871,1844]
[1872,1857]
[1873,1785]
[1874,2013]
[1879,1904]
[187]
[1881,1833]
[1882,1887]
[1883,1754]
[1886,1865]
[1888,459]
[1889,1892]
[188]
[1890,1945]
[1891,1895]
[1893,1910]
[1894,1896]
[1898,1813]
[189]
[1901,503]
[1902]
[1903]
[1905,1719]
[1906]
[1909,1917]
[190]
[1912,1908]
[1913]
[1914,1899]
[1915,1919]
[1918,1911]
[191]
[1920]
[1921,1966]
[1923,1922]
[1925,1949]
[1926,536]
[1928]
[1929,1907]
[192]
[1930,1938]
[1935,2017]
[1936]
[1939,1746]
[193]
[1940,1954]
[1942]
[1946]
[1947,1933]
[1948,1988]
[194]
[1950,1944]
[1951]
[1953]
[1957,2000]
[1958,1955]
[195]
[1960,1959]
[1961,1932]
[1963,525]
[1964,537]
[1965,1986]
[1967,1941]
[1968,520]
[1969,1982]
[196]
[1970]
[1971,1994]
[1973,1943]
[1975,1962]
[1977,1976]
[1978,2004]
[1979,1980]
[197]
[1981,1984]
[1985,1987]
[1989]
[198]
[1990]
[1991,2023]
[1992]
[1995,1996]
[1997,1956]
[1998,1993]
[1999]
[199]
[2001,2011]
[2003,2002]
[2006,2010]
[2007,1927]
[2008,2009]
[200]
[2014]
[2015]
[2016]
[2018,2012]
[2019]
[201]
[2021]
[2022]
[2025]
[2026]
[2028,2048]
[2029]
[202]
[2030,1931]
[2031,2020]
[2032,2033]
[2034,2052]
[2035,2042]
[2036,2046]
[2037,2005]
[2038,2024]
[2039]
[203]
[2041,2040]
[2044,2058]
[2045,2027]
[2047,2050]
[2049,2043]
[204]
[2051]
[2054,2063]
[2055,2053]
[2056,2057]
[2059,2060]
[205]
[2061,2062]
[2065,2064]
[2066,2067]
[206]
[2070,2068]
[2071,2069]
[2073,2072]
[2075,2074]
[2076,2077]
[2079,2078]
[207]
[2081,2080]
[2082,2134]
[2083,2084]
[2087,2088]
[208]
[2090,2089]
[2091,2108]
[2092,2093]
[2094,2590]
[2096,2099]
[2097,2085]
[2098,2101]
[209]
[2102,2095]
[2103,2109]
[2105,2104]
[2106,2110]
[2107,2111]
[210]
[2112,2404]
[2114,2568]
[2115,2121]
[2116,2113]
[2118,2117]
[211]
[2120,2119]
[2124,2422]
[2125,2123]
[2126,2401]
[2128,2410]
[2129,2147]
[212]
[2130,2131]
[2132,2133]
[2135,2192]
[2136,2137]
[2138,2139]
[213]
[2140,2142]
[2141,2153]
[2143,2145]
[2144,2149]
[2148,2146]
[214]
[2150,2154]
[2152,2127]
[2155,2195]
[2156,2151]
[2157,2160]
[2158,2267]
[2159,2165]
[215]
[2162,2182]
[2168,2253]
[216]
[2171,2198]
[2172,2163]
[2173,2178]
[2174,2493]
[2176,2164]
[2179,2167]
[217]
[2180,2405]
[2181,2212]
[2183,2243]
[2184,2186]
[2185,2337]
[2187,2193]
[2189,2373]
[218]
[2191,2485]
[2194,2197]
[2196,2200]
[219]
[22,25,23,29,24]
[2201,2231]
[2203,2199]
[2204,2205]
[2209,2228]
[220]
[2211,2210]
[2213,2216]
[2214,2208]
[2215,2221]
[2217,2238]
[2219,2218]
[221]
[2222,2206]
[2223]
[2224,2161]
[2225,2202]
[2226,2227]
[2229,2235]
[222]
[2232,2239]
[2233,2307]
[2234,2175]
[2236,2242]
[223]
[2244,2230]
[2245,2240]
[2247,2241]
[224]
[2251,2258]
[2252]
[2255,2246]
[2256,2488]
[2257,2348]
[225]
[2264,2260]
[2265,2262]
[2268,2254]
[2269,2266]
[226]
[2270,2278]
[2271,2275]
[2272,2188]
[2274,2249]
[2276,2273]
[227]
[2280,2277]
[2282,2281]
[2283,2318]
[2284,2259]
[2286,2287]
[2289,2288]
[228]
[2290,2263]
[2291,2285]
[2293,2295]
[2294,2300]
[2296,2299]
[2297,2321]
[2298,2292]
[229]
[2304,2313]
[2308,2314]
[2309,2279]
[230]
[2312,2301]
[2315,2387]
[2316,2310]
[2317,2311]
[2319,2325]
[231]
[2320,2302]
[2322,2323]
[2324,2330]
[2327,2339]
[2329,2344]
[232]
[2332,2331]
[2334,2250]
[2335,2328]
[233]
[2340,2338]
[2341,2342]
[2343,2352]
[2345,2190]
[2349,2356]
[234]
[2350,2370]
[2351,2333]
[2353,2326]
[2354,2347]
[2355,2100]
[2357,2369]
[2359,2360]
[235]
[2361,2377]
[2362,2237]
[2363,2336]
[2365,2248]
[2366,2396]
[2367,2346]
[2368,2364]
[236]
[2371,2177]
[2372,2207]
[2374,2306]
[2375,2513,2596]
[2376,2378]
[2379,2358]
[237]
[2381,2303]
[2383,2380]
[2384,2388]
[2385,2382]
[2389,2386]
[238]
[2390,2394]
[2391,2416]
[2393,2220]
[2395,2392]
[2397,2403]
[2399,2261]
[239]
[2400,2398]
[2402,2407]
[2406,2408]
[240]
[2411,2409]
[2414]
[2415]
[2417,2423]
[2418,2122]
[2419]
[241]
[2421,2420]
[2424,2425]
[2426,2486]
[242]
[2430,2443]
[2431,2438]
[2432,2413]
[2433,2412]
[2434,2427]
[2436,2437]
[2439,2440]
[243]
[2442,2428]
[2444,2445]
[2446]
[2447,2441,2546]
[2448,2450]
[2449,2451]
[244]
[2452,2469]
[2453,2489]
[2454,2455]
[2456]
[2457,2458]
[245]
[2461,2460]
[2463,2462]
[2466,2467]
[2468,2470]
[246]
[2471,2459,2465]
[2472,2305]
[2473,2475,2476]
[2478,2166]
[2479,2474,2481]
[247]
[2480]
[2483,2477]
[2484,2565,2482]
[2487,2617]
[248]
[2491,2494,2490]
[2492,2169]
[2495,2429,2435]
[2496,2464]
[2497,2498]
[249]
[2502,2500,2499]
[2504,2503]
[2507]
[2508,2510]
[250]
[2511,2524,2530]
[2512,2664]
[2515,2698]
[2517,2516,2506]
[251]
[2520,929]
[2521,2555]
[2523,3064,2609]
[2528,2526,2509]
[2529]
[252]
[2531,815]
[2532,2538]
[2533,850]
[2537,989]
[2539,2545,2554]
[253]
[2541,994]
[2542,2796,2769]
[2543,2660,2692]
[2549,2920]
[254]
[2551,2556]
[2552,2968,2946]
[2553,1020]
[2559,2086]
[255]
[2561]
[2562,2560,2563]
[2564,2681,2719]
[256]
[257,39]
[2571,2575,2569]
[2573,2938]
[2577,2851]
[2578,829]
[2580,853]
[2583,2600,2603]
[2585,2581,2582]
[2589,2547]
[258]
[2593,2576]
[2594,2570]
[2595,2544,2519]
[2598,845]
[2599,2170]
[259]
[2602,2606]
[2604,2597,2607]
[2605,2588]
[2611]
[2612,851]
[2613]
[2614,2781]
[2618,2663,2666]
[2619,2686,2703]
[261]
[2621,2672,2623]
[2625,2900,2883]
[2627,2610]
[2628,2557,2983]
[2629,2896]
[262]
[2631,2548,2667]
[2632,2540]
[2633,2661,3082]
[2634,2635]
[2636,2662,2525]
[263]
[2640,2650,2651]
[2641,841]
[2642,2501,2514]
[2647,2643]
[2648,2644,2646]
[264]
[265,1631]
[2652,2566,2616]
[2653,2645]
[2655,2816]
[2656,2649,2654]
[2658,2659,2657]
[2665]
[2668,2688,2626]
[2669,2774]
[267,37]
[2671,2704,2682]
[2673,2674]
[2677,2826]
[2679,948]
[2684,3018,3003]
[2687,2558]
[2690,2749]
[2693,2620]
[2696,2587,2670]
[2697,2770]
[2699]
[26]
[2700,2702]
[2705,2676]
[2706,2708]
[2709,2694,2707]
[270]
[2710,2717,2720]
[2711,746]
[2714,3292]
[2716,2736]
[2718,3133]
[271]
[2722,2726,2764]
[2725,2980,2973]
[2727]
[2728,2731,2691]
[272]
[2730,767]
[2733,3089]
[2738,2787,2737]
[2739]
[273]
[2742,2746]
[2744,2767,2574]
[2745,2689,2759]
[2747,2748]
[274]
[2752,959]
[2754,2712]
[2755,2775,2743]
[2756,2624,2721]
[2757]
[2758,2740]
[275]
[2760,2753]
[2761,2811,2750]
[2762,2869]
[2763,2734]
[2765,2567,2579]
[2768,2637,2772]
[276]
[2776,2935,2823]
[2777,2713,2766]
[2778,2793,2783]
[2779,3097]
[277]
[2782,2786]
[2784]
[2785,2797,2824]
[278]
[2795]
[2798,2827]
[2799,2818,2828]
[279]
[27]
[2800,2715]
[2802,2801,2887]
[2804]
[2805,820]
[2806,2788]
[2807,732]
[2808,2836]
[280]
[2814]
[2815,2591,2630]
[2817,2859]
[2819,2837,2909]
[281]
[2822,2810,2835]
[2829,2960]
[282]
[2831,2951]
[2832,3005]
[2833,2853,2852]
[2838,2846,2872]
[2839,2908]
[283]
[2840,2886]
[2841,2923]
[2844,3034]
[2845,2957]
[2848,2858]
[284]
[2850,2919,2790]
[2854,2830]
[2855,2843,2789]
[2857,2993,3078]
[285]
[2860]
[2862,2954]
[2863,2894]
[2865,2842]
[2866,2888,2809]
[2867,2856,2735]
[2868,734]
[286]
[2870,2639]
[2874,2821]
[2877,2873,2864]
[2879,2791]
[287]
[2881,2825,2928]
[2882,2966]
[2884,2945,2813]
[2885,2953]
[2889,2893]
[288]
[2890,2911]
[2891,3134]
[2895,2940]
[2898,2880]
[2899,2917,2906]
[289]
[28]
[2901,2615,2675]
[2902,2921]
[2903,2904,2847]
[2905,2834,2922]
[2907,2892]
[290]
[2910,2916]
[2912,2876]
[2913,3014]
[2914,2918,2849]
[2915,2937,2962]
[291]
[2927,2878]
[292]
[2930,2944]
[2934,2724]
[2936,2974,2861]
[293]
[2941,2924]
[2942,2961]
[2943,3001,2792]
[2948,2897]
[294]
[2950]
[2952,2751,3208]
[2955,3009]
[2956]
[2958,2965]
[2959]
[295]
[2963,2925]
[2967,2522,2875]
[296]
[2971,2994,2997]
[2975,2947,2972]
[2976,810]
[2977]
[2978,2982]
[2979,2970,2933]
[297]
[2984,823]
[2986,2992,3013]
[2989,2981]
[298]
[2990]
[2995,2988]
[2998,3010]
[2999,2939]
[299]
[3000,3033]
[3002,3012]
[3004,2964]
[3006,2949,2871]
[3007,3048,3022]
[3008,2685]
[300]
[3011,3036,3038]
[3015,3090]
[3016]
[3017,2969]
[3019,3020,2987]
[301]
[3024,2996]
[3025,3028,3021]
[3026,2929,2932]
[3027,2931]
[3029,3023]
[302]
[3030,3037]
[3031,3035]
[303]
[3040,3039]
[3042,3045]
[3043,3041]
[3044,3075]
[3046,3047]
[304]
[3050,3055,3053]
[3052,3061]
[3054,3103,3088]
[3056,3059]
[3057,3049]
[3058,3105,3032]
[305]
[3060,2701]
[3063,3108,3276]
[3065,2536,3062]
[3066,3091]
[3067,3081]
[306]
[3072,3068,3069]
[3073,3459,3462]
[3074,2638]
[3077]
[3079,3228,3294]
[307]
[3080]
[3083,3076]
[3084,3141]
[3085,2592,2680]
[3087,3086]
[308]
[3092]
[3093,3070,3071]
[3094]
[3095,937]
[3096,3100]
[309]
[3104,2535]
[3106,3117]
[3107,3144]
[3109,969]
[310]
[3110,2518]
[3111,3127]
[3114,3173,3193]
[3115,3246,3124]
[3118,3135]
[311]
[3120,3146]
[3121,3138,3224]
[3122,3317]
[3125,3132,3130]
[3126,3275]
[312]
[3137,3143,3123]
[313]
[3140,3119,3112]
[3142,3145]
[3148,3149,3150]
[314]
[3151,3147]
[3152,3176,3325]
[3153,3154]
[3155,3183,3157]
[3158,3262]
[315]
[3161,3223]
[3167,3240,3233]
[316]
[3170,3172,3165]
[3171,3210,3216]
[3175,3221,3197]
[3177,3169,3156]
[3178,3258]
[3179,3185,3189]
[317]
[3181]
[3182]
[3184,3195,3192]
[318]
[3190,3186,3180]
[3198,3162]
[3199]
[319]
[3200]
[3201,3188,3215]
[3204,3202,3174]
[3206,3312]
[3207,3205,3217]
[3209,3219]
[320]
[3211,3257]
[3213,3187,3102]
[3214,3163]
[3218,3220]
[321]
[3222,3136]
[3227]
[3229]
[322]
[3230,3237]
[3231,3160]
[3232,2985]
[3234,3164,3159]
[3236]
[3238,3267]
[3239,3384]
[323]
[3241,3203,3194]
[3242,3302]
[3243,3191,3226]
[3245,3235]
[3249,3250]
[324]
[3251]
[3253,3244]
[3254,3255]
[3256,3247]
[3259,3261,3252]
[325]
[3264,3248]
[3268,3225,3266]
[3269,3274]
[326]
[3270,3263,3129]
[3271,3265]
[3272,3168,3166]
[327]
[3280,3278,3286]
[3282,3281,3279]
[3284,3305,3303]
[3285,3139]
[3287,3273]
[3288,3298,3297]
[3289,3301]
[328]
[3291,3314,3295]
[3293,3277,3296]
[329]
[33,32,34,30]
[3300,3283,3131]
[3304,3290]
[3306,3299,3307]
[330]
[3310,3318,3212]
[3311,3113]
[3313,3326]
[3315,3260,3308]
[3316,3322,3323]
[3319,3196]
[331]
[3320,3475]
[3321,3309]
[3324]
[3327,3328]
[3329,3331]
[332]
[3330,3116,3128]
[3332]
[3334,3339]
[3335]
[3338,3333]
[333]
[3340,3336]
[3341,3352]
[3342,3337]
[3345,3343]
[3348,3347,3346]
[3349]
[334]
[3350,3351]
[3353,3344]
[3354,2820]
[3357,3355]
[3358,3356]
[335]
[3360,3359]
[3362]
[3363,3361]
[3364,3366]
[3365,3369]
[3368,3367]
[336]
[3371,3370]
[3373,3383]
[3374,3372]
[3375,3376]
[337]
[3380,3378]
[3382,3377]
[3387,3393]
[3388,3379]
[3389,3381]
[338]
[3390,3394]
[3391,3456]
[3392,3385,3386]
[3397,3395]
[3399,3398]
[339]
[3400,3396]
[3402,3404]
[3403,3401,3405]
[3406,3408,3407]
[3409,3411]
[340]
[3410,3416,3412]
[3413,2926,3414]
[3417,3424,3425]
[3419,3422,3421,3418]
[341]
[3423]
[3427,3426]
[3428,3431,3420]
[342]
[3430,3429]
[3433,3434]
[3435,3432]
[3436,3439]
[343]
[3440,3437,3438]
[3441,3445]
[3443,3444,3442]
[3448,3474,3415]
[3449,3454]
[344]
[3450,3446]
[3451,3447]
[3453,3452]
[345]
[3460,3458,3457]
[3461]
[3464,3455,3463]
[3466,3465]
[3467,3468]
[346]
[3470,3469]
[3471,3473]
[3472]
[347]
[348]
[349]
[35,21,20,177,31,176]
[350]
[351]
[352]
[353]
[354]
[355]
[356]
[357]
[358]
[359]
[36,269]
[360]
[361]
[362]
[363]
[364]
[365]
[366]
[367]
[368]
[369]
[370]
[371]
[372]
[373]
[374]
[375]
[376]
[377]
[378]
[379]
[38,268]
[380]
[381]
[382]
[383]
[384]
[385]
[386]
[387]
[388]
[389]
[390]
[391]
[392]
[393]
[394]
[395]
[396]
[397]
[398]
[399]
[400]
[401]
[402]
[403]
[404]
[405]
[406]
[407]
[408]
[409]
[410]
[411]
[412]
[413]
[414]
[415]
[416]
[417]
[418]
[419]
[41]
[42,40]
[420]
[421]
[422]
[423]
[424]
[425]
[426]
[427]
[428]
[429]
[432,1759]
[433]
[435]
[437]
[438,1885]
[439]
[43]
[440]
[441,436]
[442]
[443,448]
[444]
[446,266]
[449]
[44]
[450]
[453]
[455,454]
[456]
[45]
[461,465]
[462,452]
[466,471]
[467,464]
[468]
[469,445]
[46]
[470]
[472]
[473]
[474,499]
[475]
[478,485]
[479]
[47]
[483,522]
[484]
[486]
[487,477]
[488,476]
[48]
[490]
[491]
[492,521]
[495]
[496,482]
[497]
[498]
[49]
[500,523]
[501,507]
[502,1878]
[504,481]
[505,510]
[506,1783]
[508,824]
[509,1828]
[50]
[512]
[514]
[515]
[517,1745]
[518,1972]
[519,513]
[51]
[526,991]
[527,511]
[528,1983]
[529]
[52]
[530,573]
[531,516]
[532]
[533,542]
[534,1952]
[538,524]
[53]
[540,546]
[541,535]
[543,607]
[544]
[545,1897]
[547,539]
[54]
[550,548]
[552,557]
[553,551]
[554]
[556]
[558,555]
[559,2729]
[55]
[563,560]
[567,628]
[568,636]
[569,565]
[56]
[570]
[574,612]
[576,634]
[577,609]
[579,581]
[57]
[580,564]
[582,648]
[583,652]
[586,657]
[587,561]
[588,679]
[589,585]
[58]
[591,629]
[592,575]
[594,601]
[595,608]
[596,566]
[598,643]
[59]
[600,597]
[603,654]
[60]
[610,702]
[613,571]
[614,599]
[615,605]
[616,572]
[617,611]
[618,619]
[61]
[621,660]
[623,602]
[624,622]
[625,584]
[626,627]
[62]
[630,640]
[631,665]
[632,704]
[633,604]
[635,749]
[637,642]
[638,606]
[639,620]
[63]
[644,641]
[646,690]
[647,674]
[649,659]
[64]
[650,707]
[651,763]
[653,2572]
[655,3098]
[656,662]
[65]
[661,593]
[663,645]
[664,666]
[667,562]
[669,703]
[66]
[670]
[671,578]
[672,696]
[673,699]
[675,678]
[67]
[681,2771]
[682,923]
[683,687]
[684,738]
[686,742]
[688,855]
[689,685]
[68]
[691,677]
[695,857]
[698,758]
[69]
[700,693]
[706,697]
[708,785]
[709,694]
[70]
[710,712]
[711,705]
[713,668]
[717,786]
[718,877]
[719,714]
[71]
[720,723]
[721,549]
[724,773]
[725,692]
[729,722]
[72]
[731,780]
[735,727]
[737,739]
[73]
[740,730]
[747,743]
[748,1004]
[74]
[750,751]
[753,967]
[754,745]
[755,741]
[756,701]
[757,676]
[759,762]
[75]
[760,852]
[761,776]
[764,680]
[765,856]
[766,854]
[768,876]
[769,728]
[76]
[770,772]
[771,726]
[774]
[775,736]
[777,782]
[778,733]
[779,917]
[77]
[781,752]
[783,927]
[784,987]
[788,790]
[78]
[792,2683]
[793,1003]
[794,787]
[796,789]
[798,797]
[799,801]
[79]
[800,791]
[802,809]
[803,2534]
[805,2678]
[806,808]
[807,821]
[80]
[813,2695]
[818,822]
[819,812]
[81]
[825,828]
[827,2601]
[82]
[830,814]
[832,834]
[833,811]
[835,859]
[836,590]
[837,983]
[838,870]
[839,2773]
[83]
[840,842]
[843,2723]
[846,2794]
[847,2608]
[848,864]
[849,2732]
[84]
[858,869]
[85]
[860,862]
[865,905]
[866,939]
[867,658]
[868,2780]
[86]
[871,882]
[872,891]
[873,874]
[878,875]
[879,863]
[87]
[883,895]
[885,804]
[886,944]
[887,892]
[888,894]
[889,901]
[88]
[890,899]
[893,902]
[896,981]
[897,1009]
[898,884]
[89]
[903]
[904,900]
[906,913]
[907,932]
[908,844]
[909,941]
[90]
[910,1011]
[911,2991]
[912,930]
[914,963]
[915,926]
[916,861]
[918,962]
[91]
[921,881]
[922,964]
[924,934]
[925,716]
[928,931]
[92]
[933,920]
[935,919]
[936,938]
[93]
[942,715]
[943]
[945,953]
[946,949]
[94]
[951,940]
[952,968]
[955,957]
[956,958]
[95]
[960,976]
[961,954]
[965,977]
[966,988]
[96]
[970]
[971,947]
[972,990]
[978,973]
[979,974]
[97]
[980,795]
[982,2803]
[984,950]
[985,1012]
[986,2527]
[98]
[992,880]
[993,2505]
[995,1053]
[997,975]
[998,817]
[999,1031]
[99]
