Fail to parse DAS record=map[das:map[expire:1588418224 instance:prod/global primary_key:lumi.number record:1 services:[dbs3:runsummaries]] lumi:[map[max_lumi:1041]] qhash:f642ef2a81fd2b2ac96e4b30b3b8280f], keys=[lumi [0] number], error=Key path not found
Fail to parse DAS record=map[das:map[expire:1588418224 instance:prod/global primary_key:lumi.number record:1 services:[dbs3:runsummaries]] lumi:[map[max_lumi:1041]] qhash:f642ef2a81fd2b2ac96e4b30b3b8280f], keys=[lumi [0] number], error=Key path not found
[1004]
[1005]
[1006,1027]
[1007,1014]
[1008,964]
[100]
[1010,947]
[1011]
[1012]
[1013,959]
[1017,985]
[1019,981]
[101]
[1020]
[1021]
[1022]
[1023]
[1024,1002]
[1025]
[1026,1015]
[1028,940]
[1029,1009]
[102]
[1031]
[1032,1003]
[1033]
[1034,1035,1036]
[1037,1040,1039,1038,1041]
[103]
[104]
[105]
[106]
[107]
[108]
[109]
[10]
[110]
[111]
[112]
[113]
[114]
[115]
[116]
[117]
[118]
[119]
[11]
[120]
[121]
[122]
[123]
[124]
[125]
[126]
[127]
[128]
[129]
[12]
[130]
[131]
[132]
[133]
[134]
[135]
[136]
[137]
[138]
[139]
[13]
[140]
[141]
[142]
[143]
[144]
[145]
[146]
[147]
[148]
[149]
[14]
[150]
[151]
[152]
[153]
[154]
[155]
[156]
[157]
[158]
[159]
[15]
[160]
[161]
[162]
[163]
[164]
[165]
[166]
[167]
[168]
[169]
[16]
[170]
[171]
[172]
[173]
[174]
[175]
[176]
[177]
[178]
[179]
[17]
[180]
[181]
[182]
[183]
[184]
[185]
[186]
[187]
[188]
[189]
[18]
[190]
[191]
[192]
[193]
[194]
[195]
[196]
[197]
[198]
[199]
[19]
[1]
[200]
[201]
[202]
[203]
[204]
[205]
[206]
[207]
[208]
[209]
[20]
[210]
[211]
[212]
[213]
[214]
[215]
[216]
[217]
[218]
[219]
[21]
[220]
[221]
[222]
[223]
[224]
[225]
[226]
[227]
[228]
[229]
[22]
[230]
[231]
[232]
[233]
[234]
[235]
[236]
[237]
[238]
[239]
[23]
[240]
[241]
[242]
[243]
[244]
[245]
[246]
[247]
[248]
[249]
[24]
[250]
[251]
[252]
[253]
[254]
[255]
[256]
[257]
[258]
[259]
[25]
[260]
[261]
[262]
[263]
[264]
[265]
[266]
[267]
[268]
[269]
[26]
[270]
[271]
[272]
[273]
[274]
[275]
[276]
[277]
[278]
[279]
[27]
[280]
[281]
[282]
[283]
[284]
[285]
[286]
[287]
[288]
[289]
[28]
[290]
[291]
[292]
[293]
[294]
[295]
[296]
[297]
[298]
[299]
[29]
[2]
[300]
[301]
[302]
[303]
[304]
[305]
[306]
[307]
[308]
[309]
[30]
[310]
[311]
[312]
[313]
[314]
[315]
[316]
[317]
[318]
[319]
[31]
[320]
[321]
[322]
[323]
[324]
[325]
[326]
[327]
[328]
[329]
[32]
[330]
[331]
[332]
[333]
[334]
[335]
[336]
[337]
[338]
[339]
[33]
[340]
[341]
[342]
[343]
[344]
[345]
[346]
[347]
[348]
[349]
[34]
[350]
[351]
[352]
[353]
[354]
[355]
[356]
[357]
[358]
[359]
[35]
[360]
[361]
[362]
[363]
[364]
[365]
[366]
[367]
[368]
[369]
[36]
[370]
[371]
[372]
[373]
[374,392]
[375]
[376]
[377]
[378]
[379]
[37]
[380]
[381]
[382,387]
[383]
[384]
[386]
[388]
[389]
[38]
[391]
[393]
[395,412]
[396,399]
[397]
[39]
[3]
[400]
[401,390]
[403]
[404]
[405,394]
[406,410]
[408,385]
[409,411]
[40]
[413,416]
[414,420]
[415]
[417,436]
[419,422]
[41]
[421,398]
[423,435]
[426,424]
[427,430]
[428]
[429,418]
[42]
[431,402]
[432]
[437]
[438,434]
[439,425]
[43]
[444,447]
[445,441]
[446,407]
[448,440]
[449,443]
[44]
[451,454]
[452,433]
[453,455]
[456,450]
[457,462]
[459]
[45]
[460,458]
[461,465]
[463,442]
[466,464]
[467,482]
[468]
[46]
[471,470]
[472,473]
[475]
[476,469]
[477,474]
[478,500]
[479]
[47]
[480,537]
[481]
[483,618]
[484]
[485,496]
[486]
[488]
[489]
[48]
[490,487]
[491]
[492,493]
[494]
[495,559]
[497,564]
[498,619]
[49]
[4]
[501,499]
[502]
[503,729]
[505,506]
[507,504]
[508]
[509,513]
[50]
[510,831]
[511,876]
[512,516]
[514,515]
[517,875]
[518,519]
[51]
[520]
[521]
[522,612]
[523,552]
[524,534]
[525,643]
[526,529]
[528]
[52]
[531,550]
[532,551]
[535]
[539,540]
[53]
[541,544]
[542]
[543]
[545]
[546]
[547,614]
[548]
[549]
[54]
[553]
[554]
[555,769]
[557]
[55]
[563]
[565,561]
[566]
[568,567]
[569,560]
[56]
[570,533]
[571,576]
[572]
[573,584]
[574]
[575,577]
[578,686]
[579,601]
[57]
[580]
[581]
[582,673]
[583]
[585,588]
[587]
[589,802]
[58]
[590,597]
[591,536]
[592,593]
[594]
[595,613]
[596,599]
[598]
[59]
[5]
[600]
[603,605]
[604,608]
[606]
[607,631]
[609,627]
[60]
[610,586]
[611]
[615,617]
[616]
[61]
[620,866]
[621,698]
[622,668]
[623,845]
[625,708]
[626,771]
[629,635]
[62]
[630]
[632]
[633,628]
[636]
[637,634]
[639,922]
[63]
[640,646]
[641]
[642,602]
[644,754]
[645]
[647,638]
[649,658]
[64]
[650,660]
[653,663]
[654,648]
[657]
[659]
[65]
[661,696]
[662]
[664,772]
[665,651]
[666,672]
[667,762]
[669]
[66]
[670,538]
[674,703]
[675,655]
[677,682]
[678,740]
[679,680]
[67]
[681,676]
[683,766]
[684,725]
[685,656]
[687]
[688]
[689,732]
[68]
[690,712]
[691]
[692]
[693]
[694,558]
[697]
[699]
[69]
[6]
[700]
[701,896]
[702,707]
[706,705]
[709]
[70]
[710,562]
[711,739]
[713,714]
[716,719]
[717]
[718]
[71]
[720,733]
[721]
[722,715]
[723,704]
[724,792]
[726,731]
[727]
[728,730]
[72]
[734]
[736,530]
[737,751]
[738,735]
[73]
[741]
[742,750]
[744,743]
[748]
[749,793]
[74]
[752,746]
[753,776]
[756,765]
[757,759]
[758,747]
[75]
[760]
[761]
[768]
[76]
[770]
[773,671]
[774]
[775,624]
[777,755]
[778,763]
[779,784]
[77]
[780]
[781,787]
[782,764]
[785]
[786,790]
[788,794]
[789,783]
[78]
[796,791]
[799,695]
[79]
[7]
[801]
[803,767]
[804,800]
[805]
[806,809]
[807]
[808,798]
[80]
[810,815]
[812]
[813]
[814,863]
[816,797]
[817]
[818]
[819]
[81]
[820,823]
[821,811]
[826,824]
[828,841]
[829,836]
[82]
[830,527]
[833]
[834,827]
[835]
[837]
[838,894]
[83]
[840,909]
[842,849]
[843,856]
[844]
[846,850]
[848,556]
[84]
[851,745]
[852]
[853]
[854]
[855,822]
[858]
[859,857]
[85]
[860,919]
[861,847]
[864,862]
[865]
[867,883]
[868]
[869]
[86]
[870,877]
[871]
[872,886]
[873]
[874]
[878,882]
[879]
[87]
[880]
[881]
[884,885]
[887,652]
[888]
[889]
[88]
[890]
[891,893]
[892]
[895,899]
[897]
[898]
[89]
[8]
[900]
[901]
[902]
[903,905]
[904,929]
[906,795]
[907]
[908]
[90]
[910]
[911,943]
[912]
[913]
[914]
[915]
[916,917]
[918]
[91]
[920,924]
[921,839]
[925,923]
[927,926]
[928,832]
[92]
[930]
[931]
[932]
[933,825]
[934]
[935]
[936]
[938]
[93]
[941]
[942]
[945]
[946]
[948]
[949,939]
[94]
[950,937]
[951]
[952,953]
[954]
[955]
[956,944]
[958]
[95]
[960,965]
[961,972]
[962,988]
[963,966]
[967]
[968]
[969,990]
[96]
[970,1001]
[973,1016]
[974,971]
[975,995]
[976]
[977,957]
[978]
[979,996]
[97]
[980]
[982]
[983]
[984,991]
[986,1030]
[987]
[989,1018]
[98]
[992,1000]
[993]
[994,998]
[997]
[999]
[99]
[9]
