Fail to parse DAS record=map[das:map[expire:1588418323 instance:prod/global primary_key:lumi.number record:1 services:[dbs3:runsummaries]] lumi:[map[max_lumi:1848]] qhash:be33917620e360268ee4fd1758ffae90], keys=[lumi [0] number], error=Key path not found
Fail to parse DAS record=map[das:map[expire:1588418323 instance:prod/global primary_key:lumi.number record:1 services:[dbs3:runsummaries]] lumi:[map[max_lumi:1848]] qhash:be33917620e360268ee4fd1758ffae90], keys=[lumi [0] number], error=Key path not found
[1001,1010]
[1002,986]
[1005,1013]
[1007]
[1009,1447]
[100]
[1011]
[1017,1109]
[101]
[1020,1022]
[1021,1019]
[1023,1018]
[1024,1025]
[1026,1036]
[1027,1031]
[1028,1029]
[102]
[1030,583]
[1032,1380]
[1034,1241]
[1035,1044]
[1037]
[103]
[1040,1043]
[1041,1033]
[1046]
[1047,1160]
[1048,1045]
[1049]
[104]
[1050,1073]
[1051,1054]
[1056,1062]
[1057,1016]
[1058,1467]
[105]
[1063,1070]
[1064,1394]
[1065,1133]
[1067]
[106]
[1071,1075]
[1076,1077]
[1078,1134]
[1079]
[107]
[1081,1061]
[1085,1200]
[1086,1083]
[1087,1084]
[1088,1082]
[1089,1099]
[108]
[1092,1204]
[1093,1069]
[1094,723]
[1095,1137]
[1098,1101]
[109]
[1100,1105]
[1102,997]
[1103,1127]
[1104,1097]
[1106,1107]
[1108,1110]
[110]
[1113,1052]
[1114,1118]
[1116,1112]
[1119,1117]
[111]
[1121,1123]
[1122,1115]
[1124,1128]
[1129,1210]
[112]
[1130,1120]
[1135,1144]
[1138,1181]
[1139,1125]
[113]
[1140,1147]
[1141,1142]
[1146,1126]
[1149,1143]
[114]
[1150,1167]
[1151,1154]
[1152,1158]
[1153,1198]
[1155,1148]
[1156,1091]
[1157,1096]
[1159,1163]
[115]
[1164,1161]
[1165,1228]
[1166,1174]
[1168,1162]
[1169,1172]
[116]
[1170,1180]
[1171,1222]
[1175,1237]
[1178,1194]
[1179]
[117]
[1182]
[1183,1132]
[1184,1111]
[1185,1193]
[1186,1190]
[1188,1145]
[1189,1191]
[118]
[1192,1131]
[1195]
[1196,1173]
[119]
[1201,1199]
[1202]
[1203,931]
[1208,1213]
[1209]
[120]
[1211,1176]
[1212]
[1214]
[1215,1227]
[1216,1206]
[1217,1229]
[1218,1220]
[1219,1221]
[121]
[1223,1177,1234]
[1226,1053]
[122]
[1231,1224]
[1232,1225]
[1233,1235]
[1236]
[1238,1207]
[123]
[1240,1264]
[1242]
[1243,735]
[1244,1408]
[1246,1294]
[1247,1239]
[1248]
[124]
[1250,1277]
[1251,1471]
[1252,1258]
[1253,905]
[1254,1382]
[1256]
[125]
[1266,1409]
[1268]
[1269,1292]
[126]
[1270]
[1271,739]
[1272]
[1273,836]
[1274]
[1275,1014]
[1276,1283]
[1278,1314]
[1279]
[127]
[1281,1295]
[1285]
[1286,1461]
[1287,1403]
[1289]
[128]
[1290,1400]
[1291]
[1293,1297]
[1296,1260]
[1298,1307]
[129]
[1300,1230]
[1301]
[1302,1337]
[1303]
[1304,1386]
[1305,1313]
[1306,1284]
[1308,1328]
[130]
[1310,1299]
[1311,1317]
[1312]
[1315,1526]
[1318,1340]
[1319,1321]
[131]
[1323,1320]
[1324]
[1325]
[1326,1327]
[1329,1336]
[132]
[1330,1265]
[1332,1342]
[1333,1015]
[1334]
[1335,1417]
[1339,740]
[133]
[1341]
[1343,1345]
[1346,1344]
[1347]
[1349,1338]
[134]
[1350,1357]
[1351,1355]
[1352]
[1354,1322]
[1356,1348]
[1358,1365]
[135]
[1361,1359]
[1362,751]
[1363,1360]
[1364,806]
[1368,1381]
[136]
[1370,1376]
[1371,1369]
[1373,1410]
[1374,1372]
[1375,1424]
[1377]
[1378,863]
[137]
[1383,1387]
[1385,1379]
[1388,1280]
[1389,1353]
[138]
[1391,1433]
[1393,1395]
[1397,1460]
[139]
[1401,1480]
[1404,1402]
[1405,1367]
[1407]
[140]
[1411,1396]
[1412,1531]
[1413,1406]
[1414]
[1415,1392]
[1416,1399]
[1418,1497]
[141]
[1420,1452]
[1421,1453]
[1422]
[1423,1468]
[1427,1511]
[1428,1426]
[1429,1309]
[142]
[1430,1419]
[1431,1482]
[1432,800]
[1434,1331]
[1437,1435]
[1439]
[143]
[1440,1390]
[1441]
[1443,538]
[1444]
[1446,1425]
[1448]
[1449,1466]
[144]
[1450]
[1451,870]
[1455,730]
[1457,1039]
[1458,1454]
[1459,1398]
[145]
[1462]
[1463,1445]
[1464,1474]
[1469,1465]
[146]
[1472,1473]
[1475,1476]
[1477,1490]
[1478,1456]
[1479,1481]
[147]
[1483]
[1485,1486]
[1487,1488]
[1489,1529]
[148]
[1491,1442]
[1492,1262]
[1493,1668]
[1494,1510]
[1495,1498]
[1496]
[1499,1512]
[149]
[1502,1539]
[1504]
[1506,1515]
[1507,1527]
[150]
[1514,1521]
[1516,1513]
[1517,1538]
[1518]
[1519,1520]
[151]
[1522,1680]
[1524,1316]
[1525,1523]
[1528]
[152]
[1530,1536]
[1532,1565]
[1533,1245]
[1535,1484]
[1537,1500]
[153]
[1540,1546]
[1541,1505]
[1542,1544]
[1543,1288]
[1545]
[1547,1554]
[1548,1550]
[1549,1560]
[154]
[1551,1509]
[1552,1569]
[1553]
[1555,1557]
[1559,1556]
[155]
[1563,1568]
[1564,1558]
[1566,1534]
[1567,1562]
[156]
[1570,1561]
[1571,1572]
[1573,1574]
[1575,1590]
[1576,1584]
[1577,1626]
[1579,1698]
[157]
[1581,1583]
[1582,1591]
[1585,1592]
[1587,1593]
[1589,1586]
[158]
[1594,1578]
[1595,1596]
[1597,1598]
[1599,1608]
[159]
[1601,1603]
[1602,1631]
[1605,1604]
[1606,1607]
[1609,1646]
[160]
[1610,1611]
[1613,1616]
[1614,1619]
[1617,1628]
[161]
[1620,1629]
[1622,1621]
[1623,1615]
[1625,1640]
[1627,1612]
[162]
[1632,1717]
[1633,1758]
[1634,1651]
[1635,1687]
[1636,1624]
[1638,1630]
[1639,1588]
[163]
[1641,1643]
[1642,1670]
[1644,1652]
[1645,1618]
[1648,1647]
[1649,1697]
[164]
[1653,1654]
[1656,1655]
[1658]
[1659,1660]
[165]
[1661,1662]
[1663,1822]
[1665,1843]
[1666]
[1669,1657]
[166]
[1671,1690]
[1673,1672]
[1674,1677]
[1676,1501]
[167]
[1681,1791]
[1682,1810]
[1683,1825]
[1684,1675]
[1685,1679]
[1686,1699]
[168]
[1692,1688]
[1693,1689]
[1694,1580]
[1695,1503]
[1696,1710]
[169]
[1700,1508]
[1701,1691]
[1702,1799]
[1703,1704]
[1705,1797]
[1706,1707]
[1708,1678]
[1709,1711]
[170]
[1712,1801]
[1713,1726]
[1714,1720]
[1716,1723]
[1718,1838]
[171]
[1721,1724]
[1725,1715]
[1727,1722]
[1729,1731]
[172]
[1732,1805]
[1734,1804]
[1736,1737]
[1739,1600]
[173]
[1740,1730]
[1742,1741]
[1744,1738]
[1746,1745]
[1747,1753]
[1748,1728]
[174]
[1751,1750]
[1752,1743]
[1754,1755]
[1756,1749]
[1759,1837]
[175]
[1761,1760]
[1762,1763]
[1764,1766]
[1765,1767]
[1768,1769]
[176]
[1770,1733]
[1772,1780,1848]
[1773,1781]
[1774,1771]
[1776,1777]
[1779,1775]
[177]
[1783,1782]
[1785,1786]
[1787,1788]
[1789,1778]
[178]
[1790,1784]
[1792,1793]
[1794,1813]
[1795,1847]
[1796,1808]
[1798,1800]
[179]
[1802,1719]
[1803,1735]
[1806,1757]
[1807,1637]
[1809,1811]
[180]
[1812,1814]
[1816,1815]
[1818,1817]
[181]
[1820,1819]
[1821,1824]
[1826,1830]
[1827,1823]
[1829,1828]
[182]
[1831,1832]
[1834,1836]
[1835,1833]
[1839,1650]
[183]
[184,185,405]
[1840,1667]
[1842,1841]
[1844,1664]
[1845,1846]
[186]
[187]
[189]
[191]
[192,188,190]
[193]
[194]
[195,311]
[197,372,196]
[198]
[199]
[200]
[201]
[202]
[203]
[204]
[205]
[206]
[207]
[208]
[209]
[210]
[211]
[212]
[213]
[214]
[215]
[216]
[217]
[218]
[219]
[220]
[221]
[222]
[223]
[224]
[225]
[226]
[227]
[228]
[229]
[230]
[231]
[232]
[233]
[234]
[235]
[236]
[237]
[238]
[239]
[240]
[241]
[242]
[243]
[244]
[245]
[246]
[247]
[248]
[249]
[250]
[251]
[252]
[253]
[254]
[255]
[256]
[257]
[258]
[259]
[260]
[261]
[262]
[263]
[264]
[265]
[266]
[267]
[268]
[269]
[270]
[271]
[272]
[273]
[274]
[275]
[276]
[277]
[278]
[279]
[280]
[281]
[282]
[283]
[284]
[285]
[286]
[287]
[288]
[289]
[290]
[291]
[292]
[293]
[294]
[295]
[296]
[297]
[298]
[299]
[300]
[301]
[302]
[303]
[304]
[305]
[306]
[307]
[308]
[309]
[310]
[312]
[313]
[314]
[315]
[316]
[317]
[318]
[319]
[320]
[321]
[322]
[323]
[324]
[325]
[326]
[327]
[328]
[329]
[32]
[330]
[331]
[332]
[333]
[334]
[335]
[336]
[337]
[338]
[339]
[33]
[340]
[341,371]
[342]
[343]
[344]
[346]
[347]
[348]
[349]
[34]
[350]
[352,361]
[353]
[355,354]
[358]
[359,357]
[35]
[360,400]
[362]
[363]
[364,365]
[366,367]
[368]
[369]
[36]
[370]
[373]
[375,351]
[376]
[378,374]
[379]
[37]
[380]
[382,383]
[385,401]
[386,402]
[388,410]
[38]
[390,412]
[391]
[393]
[394,437]
[395,389]
[396]
[397,384]
[398,435]
[39]
[403,453]
[406]
[407,356]
[408]
[40]
[411,418]
[413,345]
[414]
[415,392]
[416,409]
[417,463]
[419]
[41]
[420]
[421,436]
[422,399]
[423]
[424,404]
[425]
[426,466]
[427,445]
[428,444]
[429]
[42]
[430]
[431,381]
[432]
[433,457]
[434,387]
[438]
[439,505]
[43]
[441]
[442,377]
[447,449]
[448]
[44]
[450]
[451,477]
[452]
[454,507]
[456,458]
[459,486]
[45]
[461]
[462]
[464]
[465]
[468]
[469]
[46]
[472]
[473,471]
[474,1038]
[475,455]
[476,460]
[478]
[47]
[480,443]
[481]
[483,514]
[484,489]
[485]
[487,479]
[488]
[48]
[490,495]
[492,467]
[493,446]
[494,502]
[497,482]
[498]
[499,470]
[49]
[500,1068]
[501,496]
[503]
[504,522]
[506,440]
[50]
[510,508]
[511]
[512,523]
[513,516]
[515,839]
[517,509]
[518,491]
[519,534]
[51]
[520,1003]
[525,526]
[527,528]
[52]
[532,944]
[537,1261]
[53]
[540,535]
[541,562]
[544,543]
[546,548]
[547,567]
[54]
[550,1080]
[551,552]
[553,688]
[557,1060]
[55]
[560,829]
[561,542]
[563]
[564,555]
[565,549]
[566,554]
[56]
[570,568]
[571,569]
[574,579]
[57]
[580,577]
[581,586]
[585,582]
[587,584]
[588,593]
[58]
[591,992]
[592,590]
[595,594]
[596,605]
[597,1012]
[598,575]
[599,576]
[59]
[600,602]
[601,604]
[603,573]
[606,620]
[607,636]
[608,706]
[60]
[610,884]
[612,611]
[614]
[615,633]
[616,578]
[617,638]
[618,634]
[619,609]
[61]
[621,613]
[622,623]
[624,649]
[625,628]
[626,670]
[627,1055]
[62]
[630,875]
[632,629]
[635,631]
[637,675]
[639,939]
[63]
[640,641]
[642,644]
[643,645]
[646,689]
[648,701]
[64]
[652,650]
[653,654]
[656,671]
[657,651]
[659,589]
[65]
[663,529]
[664,684]
[665,886]
[666,658]
[667,907]
[668,1136]
[669,531]
[66]
[672,714]
[673,679]
[678,655]
[67]
[680,853]
[681,709]
[682,674]
[683,687]
[685,558]
[686,940]
[68]
[691,695]
[692,690]
[693,703]
[694,719]
[697,660]
[698,556]
[699,677]
[69]
[700,696]
[704,702]
[707,661]
[708,1072]
[70]
[710,545]
[712,873]
[713,874]
[715,718]
[716,1197]
[717,724]
[71]
[720,1187]
[721,705]
[722,1074]
[725,1008]
[726,1090]
[727,711]
[728,1249]
[72]
[731,750]
[733,536]
[734,559]
[736,744]
[737,1263]
[738,783]
[73]
[741,798]
[742,1257]
[743,524]
[745,1255]
[747,799]
[748,764]
[749,1059]
[74]
[752,817]
[755,995]
[756,766]
[757,530]
[758,647]
[759,779]
[75]
[761,762]
[763,760]
[765,848]
[76]
[770,769]
[771,729]
[774,767]
[775,1438]
[776,773]
[777,539]
[77]
[780,789]
[784,1282]
[785,746]
[787,805]
[788,753]
[78]
[790,782]
[791,827]
[793,865]
[794,797]
[795,1384]
[796,1366]
[79]
[801,838]
[803,1436]
[804,927]
[807,844]
[809,816]
[80]
[810,1006]
[811,821]
[812,786]
[814,818]
[815,781]
[819,772]
[81]
[822,754]
[823,891]
[826,856]
[828,778]
[82]
[830,533]
[831,825]
[832,521]
[833,792]
[835,768]
[83]
[840,866]
[842,802]
[843,824]
[845,841]
[846,837]
[847,732]
[849,1470]
[84]
[854,1066]
[855,861]
[857,1267]
[859,862]
[85]
[860,852]
[864]
[867,1004]
[868,834]
[869,820]
[86]
[871,1205]
[872]
[876,882]
[877,953]
[878]
[879,915]
[87]
[880,851]
[881,858]
[883,813]
[885,887]
[888,889]
[88]
[893,912]
[894,898]
[896,936]
[897,993]
[899,890]
[89]
[901,914]
[902,900]
[903,928]
[908,895]
[909,906]
[90]
[911,919]
[913,968]
[918,922]
[91]
[920,892]
[921,808]
[924,923]
[925,917]
[926,934]
[929,910]
[92]
[930,676]
[932,941]
[933,904]
[938,937]
[93]
[943,916]
[945,954]
[947,958]
[948,991]
[949,662]
[94]
[951,946]
[952,987]
[955,988]
[959,1042]
[95]
[960,950]
[962,956]
[963]
[964,961]
[966]
[967,965]
[969,971]
[96]
[970]
[973,957]
[974,972]
[975,983]
[976,980]
[977,979]
[978,1000]
[97]
[981,850]
[984]
[989,935]
[98]
[990,982]
[994,985]
[996,1259]
[998,572]
[999,942]
[99]
