Fail to parse DAS record=map[das:map[expire:1588418298 instance:prod/global primary_key:lumi.number record:1 services:[dbs3:runsummaries]] lumi:[map[max_lumi:1748]] qhash:7019f60e361510d697b584c8b2ee6800], keys=[lumi [0] number], error=Key path not found
Fail to parse DAS record=map[das:map[expire:1588418298 instance:prod/global primary_key:lumi.number record:1 services:[dbs3:runsummaries]] lumi:[map[max_lumi:1748]] qhash:7019f60e361510d697b584c8b2ee6800], keys=[lumi [0] number], error=Key path not found
[1000,944,1233,1256]
[1002,1042,1003,1006]
[1009,1007,1013,1014]
[1011,1313,800]
[1012,1016]
[1020,987,1005,995]
[1023,1309,1080]
[1030,798,991,1021]
[1034,1018,1027,1270]
[1035,1156,1259]
[1036,1022,1039,1038]
[104,218,251]
[1044,1008,1173,1041]
[1045,1145,1181,1184]
[1047,1063,1062]
[1048,996]
[1049]
[1050,1154]
[1053,1051,1026,1052]
[1054,1032,1065]
[1055,1064,1058,1040]
[1056,336,1060,298]
[106,20,105]
[1066,377]
[1067,603,678,615]
[1069,1071,1070,1068]
[107,93]
[1072,1234,1077]
[1078]
[1082,1206,1205]
[1083]
[1085,1168,682,1172]
[1086,1109,1103,1116]
[1092,1096,1097,1138]
[1093,1139,826,1059]
[1095,1214,1108]
[1099,1088,1147,1325]
[1100,1090,1089,1202]
[1101,1282]
[1102,1121,1119,1136]
[1104,1224]
[1105,1287,739,1230]
[1106,1146]
[111,663]
[1111,1112,1114,1113]
[1117,1266,1033]
[1122,1155,1124]
[1123,884,997,1074]
[1125,1273,1195,1166]
[1127,1289,1299]
[1129,1130,1128,664]
[1131,1238,1143,1144]
[1134,1207,861,1218]
[1135,1137]
[1140]
[1141,919,1120,960]
[1142,1024,992]
[1148,1091,448,1219]
[1150,1151,1028]
[1152,1197,1209,1212]
[1153,1171]
[1158,1663,1691,1689]
[1159,1250,1320,1331]
[1162,1318,1192]
[1164,1163,1257,755]
[1165,1160]
[117,119,875]
[1170,458,486,489]
[1174,966,979]
[1175,1179,977]
[1176,1182,1169]
[118,18]
[1180,1057,1061,1037]
[1186,1187]
[1188,1199,1198,990]
[1190,1625,1200,1242]
[1191,1253,1675,1236]
[1193,1094]
[1194,1223]
[11]
[1208,1222,1232]
[121,910,1352,1400]
[1213]
[1221]
[1227,1339,1650,1656,1668]
[1228,1683,1638,1658]
[1229,1361,1386,1338]
[122]
[1235,1267,1215]
[1237,1674]
[124,114]
[1240,1258,1110,1087]
[1243,1454,1423,1425,1468]
[1245,1337,1684,1340,1264]
[1251,1294,1216,1265]
[1254,1247,1249,1241]
[1255,1239,1246,1248]
[126,182]
[1260,1231,1302,1286]
[1261,1196,1204]
[1263,1210,1276,1279]
[1271,1305,1262,1269]
[1277]
[1278,1149,1211,1126]
[1280,1274,1252,1321]
[1283,1225,1300,1284]
[1285,1334,1308]
[1291,1290,1292]
[1293,1329,1307]
[1295,1401,1642]
[1297,871,1314]
[1301,1288,1335]
[1312,1303,1304]
[1316,1281,1322,1323]
[1317,1362,1358,1350]
[132,140,1495]
[1324,766,771]
[1326,1669,1681,1686]
[1328]
[1332,1344,1244,1369]
[1333,1327,1343,1346]
[133]
[134,155,157]
[1341,1201,1330,1348]
[1349,1351,1367,1673,1353]
[135,194]
[1359,1372,1355,1384]
[136,662]
[1366,1438,1402]
[137,352]
[1375,1357,1347,1364,1682]
[1377,1398,1416]
[138,141,127]
[1381,1383,1380,1382,1379]
[1388,1395,1391,1404,1419]
[1389,1411,1275,1385,1412]
[139,113,125]
[1390,1397,1394,1226]
[1392,1376,1399]
[1393,1452,1453]
[1396,1217,1387,1374]
[14,8,12]
[1405,1433,1413,1378]
[1407,803,1403]
[1408,1456,1435,1446,1445]
[1414,1410,1440]
[1415,1450,818]
[1418,1420,1417]
[1422,978,1365]
[1426,1473,942,1462]
[1427,1430,1434]
[1432,1431,1363,1429]
[1436,1428,1448,1451,1441]
[1439]
[143]
[144,145]
[1443,1513,726]
[1444,1409,1463,1354]
[1447,759,700]
[1449,1522,909]
[1458,1368,1489]
[146,142]
[1461,762,1460]
[1465,1464,1424,1406,1360]
[1466,1500,1494,1457]
[1467,1471,1472]
[1469,1482,1490,1455,1459]
[147,164,149]
[1470,1511,1529]
[1480,1483]
[1481,1498,1512,691]
[1484,1493]
[1485]
[1486]
[1488,1516,1345,1421]
[1496,1497,1474,1475,1437]
[150,148]
[1503,1506]
[1504]
[1505]
[1507,1478,1479]
[1508,1510,1514,1476,1502]
[151,171]
[1515,1602,1491,1509]
[1517,1501]
[1518]
[1519,1620]
[1524,1530,1528]
[1525,1521,1523]
[1526,639,695]
[152]
[1531,1499,1533]
[1534,1617,1622,1627]
[1535,1537]
[1536]
[1538,1634,1640,123]
[1540,1559,1561]
[1541,1600]
[1544,1542,1543,1539,1545]
[154]
[1550,1553,1547,1546,1548]
[1552,1551]
[1554,1560,1556]
[1564,1562,1566,1549,1563]
[1567,1555,1569,1557,1558]
[1568,1609,1606,1579,1595]
[1572,1582,1570,1571]
[1576,1580,1573,1575,1577]
[1578,1603,1604,1605,1565]
[1581,1574]
[1583,1584,1588,1587,1590]
[1589,1586]
[159,158,160]
[1592,1598]
[1593]
[1596,1594,1597,1599,1607]
[1601,1585,1612,1591,1611]
[1608,1610,1613]
[161,237,212]
[1615,1614]
[1618,1633,1662,1631]
[1619,1342,1644,1667]
[162,163,53]
[1623,1621]
[1626,1661,1655,1639,1652]
[1628,1637,1492,1651]
[1629,1370,1676]
[1630]
[1632]
[1641,1616,1624]
[1643,1670,1635,1373]
[1648,1647,1636,1659,1657]
[1654,1653,1660]
[1677,1646]
[1678,1692,1685]
[1679,1718,1693]
[1680]
[1687,1356,1688]
[169,173,166]
[1690,1645,1649]
[1694]
[1697]
[1698]
[1699]
[1702,1700,1705,1704,1695]
[1706,1703]
[1707,1696]
[1710,1709,1711]
[1714,1721,1713]
[1715,1717,1724]
[1719,1731,1672,1726]
[1723,1712,1701]
[1730,1671,1729,1716]
[1732,1737,1728]
[1734,1722,1708]
[1735,1741,1740]
[1738,1739,1727,1736]
[174,241,153]
[1743]
[1744,1742]
[1745,1720,1725]
[1746]
[1747,1733]
[1748]
[175,131]
[176,185,520]
[177,181,116]
[180,304]
[186]
[187,183]
[189,318]
[19,17]
[191,170]
[192,184]
[193,205,196]
[195]
[197,128]
[198,179,26]
[199,168,228]
[1]
[200]
[201]
[202,255]
[203]
[204]
[206]
[208,156,213]
[209,220]
[211,115,219]
[214]
[215,383,398]
[22,34,42]
[222,129]
[224,290]
[225,221,223]
[226]
[227,231]
[229]
[230,210,172]
[232]
[236]
[238,165,207]
[23]
[240,242]
[244]
[245]
[246,268,277]
[247,254,338]
[249,1665,239]
[25,51,33]
[250]
[252,234,243]
[256,280]
[259,233]
[261,216]
[262,267,260]
[263,253]
[266,248,264]
[270]
[272,288,320]
[274,286]
[276,339,357]
[278,269,343]
[279]
[27]
[281,271]
[282,235,258]
[284,313]
[285]
[28]
[292]
[293,299,273]
[29]
[2]
[3,130]
[30,323]
[301]
[302,391]
[305,506,510]
[308]
[309,322,379]
[310]
[311]
[314,340]
[315,515,283]
[321,367]
[326,424,306]
[327,275]
[329,300]
[331,289]
[335,317]
[342,333]
[344,332,402]
[346,428]
[347,319,325]
[348,514,374]
[349,439]
[35,54]
[350]
[353,307,303]
[355,380,418]
[363,360]
[368,611]
[369,373]
[37,36,49]
[370,356]
[371,372,337]
[376,420,454]
[378,359]
[381,390,387]
[386,388,384]
[389,1081,341,598]
[392,351]
[395,435,397]
[396,452,453]
[4,31]
[403,400,385]
[406,485]
[407,1664,417,1666]
[409]
[41,257,24]
[410,291,408]
[411,364]
[412,414]
[413,631,849]
[416,538]
[419,217]
[421,167]
[422,501,503]
[423]
[426,1189,1183]
[427,661]
[431,430,425]
[436,1075,492,393]
[438,432]
[44,60,9]
[442,480,484]
[444]
[445,679,1076]
[446,496,440]
[449,443]
[451,399,437]
[455,502]
[457,456,475]
[461]
[464,567]
[468]
[469,470]
[47,39,46]
[472,479,579]
[473,471,513]
[474,465]
[48,72]
[483,394,1084,587]
[491,297,415]
[493,488,497]
[494,404,517]
[495,490,487]
[498,680,459,540]
[5,651,294]
[500,505,552,846]
[504,405,441]
[509,610,705,434]
[50]
[511,604,605,481]
[52,21]
[521,358]
[524,1272,477,522]
[525,548,669,523]
[528,808,529]
[530,554,684]
[535,569,570,544]
[537,542,589,518]
[539,450,547]
[541,433,533]
[543,556,532,549]
[551,580,566,581]
[557,519,968,526]
[558,564]
[565,476,560,562]
[568,467,586,534]
[572,578,545,675]
[574,653]
[57]
[58,97]
[582,573,576,577]
[583,575,508,571]
[584,593,618,588]
[585,482,478,843]
[59,80,89]
[590,553]
[592,608,366,512]
[594,599,596]
[595,536,681,546]
[597,296]
[6,10,45]
[602,656,607,629]
[609,555,561,527]
[61,66]
[614,648]
[616]
[617]
[619]
[62,316,56]
[620,600,295,613]
[622,900,1336]
[624,1477,972]
[625,758,635,621]
[626,516,649,531]
[627]
[63,15,55]
[632,1487]
[634,365]
[636,628,657]
[637,507,324]
[640,641]
[642,462]
[646,623,862]
[647,644,67]
[64]
[65,43,108]
[650,1520,1527]
[652]
[654,334,178]
[655,671,612,916]
[658,897]
[674,361,559,563]
[676,839,630,817]
[677,103,100]
[68,79,99]
[685,362]
[686,665,673,667]
[687,698,699,702]
[689,948,898,949]
[69,40,101]
[692,1073,606,591]
[693,668,375]
[696,867,659,886]
[697,865,672,666]
[7,401,16]
[70,74,32]
[704,1118,1098,842]
[708,447]
[71,13,354]
[711,712]
[714,1107]
[717,716]
[718,741,740,731]
[719,735,734,715]
[722,710,725,730]
[723,742,789,751]
[727,694,707,728]
[737,749,709,743]
[738,1311,1315,1319]
[746,765,720,882]
[747,770,790,736]
[748,750,744,745]
[753,701,778,382]
[75]
[760,1296,1298,721]
[761,777]
[763,752,729,732]
[768,1015,713]
[769,660]
[77,94]
[772,757,756,764]
[773,1157]
[78,76,38]
[782,780,779,793]
[786,109,112]
[788,1031,1029,1046]
[791,724]
[792,688,783,787]
[794]
[795]
[797,813,1268]
[799,858]
[801,857]
[804,690,633,950]
[807,835,1532]
[809,825]
[812,1115,1310,1306]
[814,1220,815]
[816,810,1442,1371]
[819,781,706,775]
[820,917,840]
[821,822,1178,838]
[823,802,880,848]
[827,1185]
[828,345]
[829,854,1017,683]
[830,980,914,902]
[833,312]
[837,754]
[84,83]
[841,774,120,832]
[844,863,805]
[845,908]
[847,1025,852,784]
[85,73]
[851,767]
[853,796,776,850]
[86,82,81]
[866,463,287,466]
[869,870,1004,937]
[872,873,926,876]
[874,834,811,806]
[883,878]
[887,885,879,888]
[889,895,931,936]
[890,983,905,836]
[891,998,971]
[892,1079]
[893,785,904]
[894,856,855]
[896,918,860,859]
[899,645,601,638]
[903,974,947,969]
[906,989,913,921]
[907,912,330,550]
[91,88,265]
[920,460]
[922,951,941]
[923,976,967,956]
[924]
[927,1001,984,934]
[929,925,881,928]
[930,831,877,868]
[935,499,864,932]
[939,945,938,999]
[943,940,670,190]
[946]
[95,901,87]
[955,954,1161]
[957,429,328]
[958,1177,965]
[959,915]
[96,90,102]
[961,1132,703,1133]
[962,988,933,1043]
[963,643,964,824]
[973,188,911,733]
[975,994]
[98,110,92]
[981,1019,1010,970]
[982,985,953,986]
[993,952,1203,1167]
