Fail to parse DAS record=map[das:map[expire:1588418294 instance:prod/global primary_key:lumi.number record:1 services:[dbs3:runsummaries]] lumi:[map[max_lumi:1938]] qhash:a92d7cad93085d031d26e2f568d2179e], keys=[lumi [0] number], error=Key path not found
Fail to parse DAS record=map[das:map[expire:1588418294 instance:prod/global primary_key:lumi.number record:1 services:[dbs3:runsummaries]] lumi:[map[max_lumi:1938]] qhash:a92d7cad93085d031d26e2f568d2179e], keys=[lumi [0] number], error=Key path not found
[1000,1005]
[1001,739]
[1002]
[1003,1006]
[1007,1015]
[1008,1010]
[100]
[1012]
[1013,1180]
[1014,895]
[1016,1011]
[1017]
[1018,898]
[101]
[1021,838]
[1024,1019]
[1025,1022]
[1027]
[1029,1020]
[102]
[1030,1033]
[1031,1038]
[1036,1034]
[1037,1028]
[1039]
[103]
[1041,873]
[1042,1023]
[1043,1056]
[1044,1035]
[1045,993]
[1046,1047]
[1048]
[1049]
[104]
[1050,1060]
[1051,1026]
[1052,1057]
[1054]
[1055]
[1059,1068]
[105]
[1061,1192]
[1063,1080]
[1066]
[1067]
[106]
[1070,1077]
[1071,1065]
[1072,1107]
[1073,1064]
[1075,1053]
[1076,1087]
[1078,1086]
[1079]
[107]
[1081,1069]
[1082]
[1083]
[1088]
[1089,1091]
[108]
[1090,1084]
[1093,1092]
[1094]
[1095,1096]
[1098,1100]
[1099]
[109]
[1102,1097]
[1104,1112]
[1105,1106]
[1109,1110]
[110]
[1114,1111]
[1116,1101]
[1117,1113]
[1118,1115]
[1119,1122]
[111]
[1121,1149]
[1123,1124]
[1126,1127]
[1128,1129]
[112]
[1130,1131]
[1132,1161]
[1133,1158]
[1136,1138]
[1137,1134]
[113]
[1141,1135]
[1142,1143]
[1144,1108]
[1145,1146]
[1147,1139]
[1148,1062]
[114]
[1151,1165]
[1152,1153]
[1154,1103]
[1155]
[1157,1276]
[115]
[1160,969]
[1162,983]
[1163,1183]
[1166,1156]
[1167,1140]
[1168,842]
[1169]
[116]
[1171]
[1172]
[1173,765]
[1174,884]
[1176,1009]
[1178,1177]
[1179,1232]
[117]
[1181,1190]
[1182]
[1185,1184]
[1186,1188]
[1187,1170]
[1189]
[118]
[1191,1195]
[1194,1196]
[1197]
[1198,1202]
[1199,1200]
[119]
[1201,1193]
[1203]
[1204,1207]
[1206,1205]
[1208]
[1209,1217]
[120]
[1211,1210]
[1214,1216]
[1215]
[1218,1212]
[121]
[1221]
[1222,1220]
[1223,1250]
[1224,1074]
[1225]
[1226,1227]
[1228,1125]
[1229,1233]
[122]
[1230]
[1231,1263]
[1234,1164]
[1235]
[1237,1266]
[1239]
[123]
[1240,1219]
[1241,1471]
[1242]
[1243]
[1244,1120]
[1245,1258]
[1246,1261]
[1247]
[1248]
[1249,1085]
[124]
[1251,1270]
[1254]
[1255]
[1256,1479]
[1257]
[1259]
[125]
[1262]
[1264,1474]
[1265]
[1267,1496]
[1268]
[1269,1273]
[126]
[1271]
[1274,1236]
[1275,1540]
[1277,1335]
[1278,1252]
[1279,1058]
[127]
[1281,1283]
[1282]
[1285,1150]
[1287,1280]
[1288,1272]
[1289]
[128]
[1290,1619]
[1292,1442]
[1294,1295]
[1296,1530]
[1297,1358]
[1298]
[1299,1370]
[129]
[1300,1301]
[1302,1286]
[1303]
[1304,1305]
[1306,1315]
[1307,1311]
[1309,1293]
[130]
[1310,1326]
[1312]
[1313,1317]
[1314,1321]
[1319,1324]
[131]
[1320,1322]
[1323,1360]
[1327,1284]
[1328,1330]
[1329,1291]
[132]
[1331,1325]
[1333,1342]
[1334]
[1336,1420]
[1338,1401]
[1339,1332]
[133]
[1343]
[1344,1318]
[1345,1316]
[1346,1341]
[1348,1464]
[1349,1366]
[134]
[1350,1352]
[1351,1347]
[1353,1382]
[1354]
[1355]
[1357,1371]
[1359,1337]
[135]
[1361]
[1362,1260]
[1363,1483]
[1364,1482]
[1365,1432]
[136]
[1372]
[1374,1373]
[1375,1391]
[1377,1444]
[1378,1376]
[1379,1393]
[137]
[1380,1387]
[1381]
[1383,1356]
[1385]
[1386,1438]
[1388,1384]
[1389]
[138]
[1390,1340]
[1392]
[1394]
[1396]
[1397,1468]
[1398,1460]
[139]
[1400,1253]
[1402,1369]
[1403,1404]
[1405,1412]
[1406]
[1408,1418]
[1409,1446]
[140]
[1410]
[1414,1426]
[1415,1407]
[1416]
[1417,1399]
[1419,1422]
[141]
[1421]
[1423,1465]
[1424,1427]
[1425]
[1428,1429]
[142]
[1430,1368]
[1431,1440]
[1433,1443]
[1434]
[1436]
[1437,1435]
[1439,1445]
[143]
[1447]
[1448]
[1449,1452]
[144]
[1450,1451]
[1453,1461]
[1454]
[1457]
[1458]
[1459,1489]
[145]
[1462,1562]
[1466,1308]
[1467]
[1469]
[146]
[1470,1456]
[1472,1594]
[1473,1413]
[1475,1590]
[1476,1367]
[1477]
[1478]
[147]
[1480,1504]
[1481,1542]
[1484,1395]
[1485,1491]
[1487,1523]
[1488,1700]
[148]
[1492,1499]
[1493,1495]
[1494,1505]
[1497,1587]
[1498,1503]
[149]
[1501,1513]
[1502,1500]
[1506,1517]
[1507]
[150]
[1510,1611]
[1511,1531]
[1512,1509]
[1516,1514]
[1518,1538]
[1519,1633]
[151]
[1520,1515]
[1521]
[1522,1548]
[1525,1524]
[1526,1551]
[1527,1528]
[1529,1539]
[152]
[1534,1543]
[1535,1564]
[1537,1544]
[153]
[1545,1553]
[1546,1486]
[1549]
[155,154]
[1550,1536]
[1554,1566]
[1558,1547]
[1559,1552]
[1560,1570]
[1563,1657]
[1565,1557]
[1569,1571]
[156]
[1572,1532]
[1573,1561]
[1574]
[1577,1576,1595]
[1578,1651]
[1579,1650,1623]
[157]
[1580,1582]
[1581,1584]
[1585,1625]
[1586]
[1588,1463]
[1589,1568]
[158]
[159,179]
[1591,1599]
[1593,1598]
[1596,1603,1592]
[160,208]
[1600]
[1605,1606,1607]
[1609,1597,1608]
[161,228]
[1610,1631]
[1613,1602]
[1614,1604]
[1615,1541]
[1616,1638]
[1618,1490]
[1620,1681]
[1622,1671,1601]
[1624]
[1626,1628]
[1627,1637,1641]
[1629,1617]
[1630,1632]
[1636,1647]
[1639,1667,1612]
[163]
[1640,1634,1642]
[1644,1643]
[1645]
[1646,1635]
[1648]
[1649,1732,1735]
[164]
[1652,1533]
[1653,1621]
[1654,1455]
[1656]
[1658,1556]
[1659,1575]
[165]
[1660]
[1661]
[1662]
[1665]
[1666,1672,1663]
[1668,1664]
[1669,1508]
[166]
[1673]
[1674,1583]
[1676,1675]
[1677,1441]
[1678]
[1679]
[167]
[1682,1689]
[1683,1655]
[1684]
[1685,1690]
[1686,1693]
[1687,1709,1705]
[1688]
[168]
[1692,1703,1704]
[1695,1411]
[1696,1694]
[1699,1691]
[1701,1670,1555]
[1707]
[1708,1710,1723]
[1711,1706]
[1712,1719]
[1713,1889]
[1714,1720]
[1715,1702,1726]
[1716,1730]
[1718,1762]
[172,176]
[1721]
[1722,1737,1567]
[1724]
[1727,1725]
[1729,1734,1728]
[1731,1680]
[1733,1738]
[1736,1740]
[174,170]
[1741]
[1742,1697]
[1743]
[1747,1755]
[1748]
[175,169]
[1751,1739,1749]
[1752,489]
[1753,1764]
[1754,1782,1757]
[1758]
[1759,1797]
[1760]
[1761,1794]
[1763,1745,1746]
[1766,1717,1768]
[1767,1775,1772]
[1770,1778,1769]
[1771,1834,1787]
[1774]
[1777,1776]
[177]
[178,171]
[1780]
[1783,1792,1785]
[1786,1911]
[1789]
[1790]
[1791,1765]
[1793,1788,1795]
[1798,1836,1835]
[1799]
[180,192]
[1800]
[1801,1744,1908]
[1803]
[1805]
[1806,1802,1804]
[1807,1808]
[1809]
[181,187]
[1810,1814]
[1815]
[1816,1812]
[1817,1811]
[1818]
[1819,1813]
[1822,1869,1784]
[1823]
[1825]
[1826]
[1827,547]
[182]
[1830,1832,1828]
[1833,1843]
[1837]
[1839]
[184,185]
[1841,1829,1796]
[1842,1848,1838]
[1844]
[1847,1868,1895]
[1850,1890,1927]
[1851,1846,1845]
[1852,1781,1824]
[1853]
[1856,1855]
[1857,1820,1821]
[1859,1773,1866]
[186,188]
[1861,1840]
[1862]
[1864,1750]
[1865,1698,1858]
[1867,1930]
[1870,1779,1860]
[1872,1891,1854]
[1873]
[1874,1849,1919]
[1875,1863,1831]
[1876,1871,1893]
[1877]
[1880]
[1883,1882,1885]
[1884,1881,1888]
[1887,1886]
[189,197]
[1892]
[1894,448]
[1896]
[1897,1912]
[1900,1901,1898]
[1903,1902,1905]
[1904,1918]
[1906,1913,1909]
[1907]
[191,194]
[1914,1931]
[1916,1924,1934]
[1917,1910]
[1921,293]
[1922,1932]
[1923]
[1925]
[1928,1915,1926]
[193,198]
[1933]
[1936]
[1937]
[1938]
[195,183]
[196,201]
[199,202]
[200,235]
[203]
[206,205]
[207,204]
[209,231]
[210,162]
[211,227]
[212]
[213]
[214]
[215]
[216,256]
[217]
[218]
[219,221]
[220]
[222]
[223]
[224,253]
[225]
[226]
[229,266]
[230]
[234]
[237]
[238]
[239,232]
[240,236]
[241,233]
[243,267]
[244]
[245]
[246,248]
[247,594]
[250]
[251,249]
[252,263]
[254]
[255]
[257,259]
[258,173]
[26,27]
[260,273]
[261,279]
[262,190]
[265,264]
[268,269]
[270]
[271,284]
[272,282]
[274,280]
[276,275]
[277,278]
[281]
[283,288]
[286,285]
[287,464]
[28]
[290]
[291,1935]
[292,294]
[296,1878]
[297]
[298]
[29]
[300]
[301,446]
[302,299]
[303]
[304]
[305]
[306]
[307]
[308,588]
[309]
[30]
[310,317]
[311]
[312]
[313]
[315]
[316,331]
[318]
[319]
[320]
[323]
[324]
[325,321]
[326]
[328,376]
[329,724]
[32]
[330,338]
[332]
[333]
[334,327]
[335,366]
[336]
[337,342]
[339,417]
[33]
[340]
[341]
[343]
[344]
[346]
[347]
[34]
[350]
[351]
[352,348]
[353,345]
[355]
[356]
[357]
[358,408]
[359,404]
[35]
[360,452]
[361]
[364,362]
[365,322]
[367,363]
[368,369]
[36]
[370,375]
[373,371]
[374,372]
[377,385]
[378,379]
[37]
[380]
[381,354]
[382,430]
[384]
[386]
[387]
[388,395]
[389,455]
[38]
[390,392]
[391]
[393,436]
[394,397]
[398]
[399,493]
[39]
[400,507]
[401]
[403]
[405]
[406]
[407,349]
[409]
[40]
[410]
[411,418]
[412,444]
[414,427]
[415,508]
[416]
[419]
[41]
[42,31]
[420]
[421,424]
[422,426]
[423]
[425,460]
[428]
[429]
[431,498]
[432,383]
[434]
[437]
[438]
[439]
[43]
[440,435]
[442,433]
[445,443]
[447,441]
[449,554]
[44]
[450,453]
[454,396]
[456,451]
[457,1756]
[458,511]
[459]
[45]
[461,402]
[462]
[463,486]
[465,483]
[467,295]
[469,535]
[46]
[470]
[472]
[473]
[474,536]
[476]
[477,494]
[478,482]
[47]
[480]
[484,543]
[485,495]
[487,488]
[48]
[490,468]
[491,546]
[492,531]
[496]
[497,505]
[49]
[500,471]
[502,1920]
[503]
[506,466]
[509]
[50]
[510]
[512,499]
[513,552]
[516]
[517,475]
[51]
[520,481]
[521,289]
[522,577]
[523]
[528,527]
[529,533]
[52]
[530,532]
[534,561]
[537,538]
[539,526]
[53]
[540,524]
[541,518]
[542,525]
[544,553]
[545,519]
[548,479]
[549,514]
[54]
[550,504]
[555,501]
[556,413]
[557]
[558,685]
[559,1879]
[55]
[562]
[563,572]
[565,571]
[567]
[568,551]
[569]
[56]
[570]
[574]
[575,587]
[576,242]
[578,564]
[579]
[57]
[580,515]
[582,560]
[583]
[584,566]
[585,581]
[589,592]
[58]
[590,586]
[591,593]
[596,1899,1929]
[598,707]
[599,699]
[59]
[600,597]
[602,601]
[604,603]
[605,614]
[607,608]
[60]
[611,610]
[612,606]
[613,609]
[615,627]
[616,622]
[617,618]
[619,620]
[61]
[623,626]
[624,621]
[628,629]
[62]
[631,679]
[633,634]
[635,639]
[637,636]
[63]
[640,638]
[642,630]
[644,647]
[645,643]
[646,652]
[648]
[649,641]
[64]
[650,664]
[651,678]
[653,654]
[655,660]
[656,658]
[659,667]
[65]
[661,665]
[662,632]
[666,657]
[668,671]
[669,683]
[66]
[670,663]
[673,672]
[674,675]
[677,676]
[67]
[682,680]
[686]
[687,595]
[68]
[690,688]
[691,689]
[693,694]
[695,692]
[697,696]
[69]
[700,698]
[701,702]
[703,573]
[704,314]
[705,681]
[706,684]
[708,625]
[709]
[70]
[710]
[711]
[712]
[713]
[715]
[716]
[717]
[718]
[719]
[71]
[720]
[721]
[722]
[723]
[725,733]
[726,753]
[727]
[729]
[72]
[730]
[731]
[732,740]
[734]
[736]
[737]
[738,995]
[73]
[743,984]
[745]
[746]
[747]
[748]
[749]
[74]
[751]
[752,764]
[754,967]
[755,912]
[756,774]
[758,744]
[759]
[75]
[760,866]
[761]
[762,742]
[763]
[766]
[767,858]
[76]
[772,771]
[775,773]
[776]
[777]
[779]
[77]
[780,770]
[781,1238]
[782]
[783,735]
[784,741]
[785,864]
[786]
[789,1040]
[78]
[790,854]
[792]
[794,757]
[795]
[799,847]
[79]
[800,714]
[801,846]
[803,817]
[804,921]
[805,915]
[806,796]
[808,788]
[809,920]
[80]
[810,885]
[811]
[812,862]
[814]
[815,891]
[816,855]
[818]
[819]
[81]
[820]
[822,798]
[823]
[824]
[82]
[830,887]
[833,769]
[834,826]
[835,997]
[836]
[837,911]
[839,791]
[83]
[840,827]
[843,867]
[845,844]
[848,850]
[849,853]
[84]
[851,768]
[852,857]
[856,778]
[859]
[85]
[860,807]
[861,1175]
[863,865]
[86]
[870,878]
[871,868]
[872,932]
[874,875]
[876]
[879,802]
[87]
[880]
[881]
[882,897]
[886]
[888,883]
[889,841]
[88]
[890,869]
[893]
[894,813]
[896,793]
[899,787]
[89]
[900,902]
[901]
[903]
[904,829]
[905,908]
[907,877]
[909,906]
[90]
[910,828]
[913,832]
[914]
[916]
[917,976]
[918,750]
[919]
[91]
[922,892]
[923,1032]
[924]
[926,929]
[927]
[928]
[92]
[930]
[931,821]
[933,925]
[934]
[935]
[936,937]
[939]
[93]
[940]
[941,960]
[942]
[944,825]
[945,959]
[948,943]
[949,947]
[94]
[950]
[951]
[952]
[953]
[954]
[955]
[956]
[958,946]
[95]
[961]
[962]
[963]
[964,938]
[965,728]
[966,957]
[968,973]
[96]
[970]
[971]
[972]
[975,985]
[977]
[978]
[979,1213]
[97]
[980,974]
[981,831]
[982]
[986,1004]
[987,989]
[988]
[98]
[990,999]
[991]
[992,1159]
[994]
[996,797]
[998]
[99]
