Fail to parse DAS record=map[das:map[expire:1588418180 instance:prod/global primary_key:lumi.number record:1 services:[dbs3:runsummaries]] lumi:[map[max_lumi:184]] qhash:573e82fa6bd6dabfce3547891b051b25], keys=[lumi [0] number], error=Key path not found
Fail to parse DAS record=map[das:map[expire:1588418180 instance:prod/global primary_key:lumi.number record:1 services:[dbs3:runsummaries]] lumi:[map[max_lumi:184]] qhash:573e82fa6bd6dabfce3547891b051b25], keys=[lumi [0] number], error=Key path not found
[100,95]
[101,104]
[102]
[105,103]
[107,109]
[111,127]
[115,112]
[116,113]
[117,106]
[118,122]
[120,90]
[121,86]
[123,119]
[125,134]
[128,133]
[129,137]
[130,124]
[132,138]
[135,139]
[136,140]
[141,143]
[144]
[145,147]
[146,131]
[149,148]
[150,126]
[151,142]
[152,153]
[154,157]
[155,163]
[160,159]
[161,158]
[162,156]
[164,166]
[165,169]
[168]
[17,11]
[171,170]
[172]
[173,167]
[18,3]
[184,49,177,182,183,174,178,180,179,48,176,175,181]
[22,70]
[23,114]
[25,21,24]
[37]
[38]
[39]
[4,16,7]
[40]
[41]
[45]
[46,53]
[47]
[50]
[52,44,51,43,55,56]
[54,9,12]
[57,14]
[58]
[59]
[5]
[6,19,20,15]
[60]
[61]
[62]
[63]
[64]
[65]
[66]
[67]
[68]
[69]
[72]
[73]
[74]
[75,87]
[76]
[77]
[78]
[79,71]
[8,10,13]
[80,81]
[82,91]
[84,108]
[88,83]
[89,98]
[92,110]
[93,85]
[94,42]
[96]
[99,97]
