Fail to parse DAS record=map[das:map[expire:1588418308 instance:prod/global primary_key:lumi.number record:1 services:[dbs3:runsummaries]] lumi:[map[max_lumi:2034]] qhash:703604d4cd8bdd3cd52498e26d39f442], keys=[lumi [0] number], error=Key path not found
Fail to parse DAS record=map[das:map[expire:1588418308 instance:prod/global primary_key:lumi.number record:1 services:[dbs3:runsummaries]] lumi:[map[max_lumi:2034]] qhash:703604d4cd8bdd3cd52498e26d39f442], keys=[lumi [0] number], error=Key path not found
[1000,1010,1014]
[1001,1337,1018]
[1003,1071,1049]
[1005,1180,1330,1156,1078,1228,792]
[1015,1016,1002,1007,1008,1011]
[1017,1013,1021,1004,999]
[1019,1031,1020,1024]
[1022,1009,1026,997]
[1023,1036,1028,1032,1040,1038,1034]
[1027,1029,1039,1045]
[1030]
[104,102,137]
[1041,1043,1052]
[1042,1033,1046,1037]
[1044,1050,1053,1054,1056,1059,1051]
[105,116]
[1058,1048,1057,1060]
[1066,1055,1063]
[1069,1064,1047,1072]
[107,55,115,119]
[1076,1091,1079,1087,1094]
[108,101,254]
[1082,1146,1109,1125]
[1086,757,1088,1083]
[1089,755,747,1077]
[1097,1660,1025,1425]
[10]
[1102,1324]
[1103,1104,1113,1093,1105,1099,1096]
[1106,1112,1095,1098]
[1114]
[1117,1092,1110,1143,1139]
[1119,1155,1140,1137]
[1121,1126]
[1128,1100,1130,1107,1101]
[113,126,118,123,122]
[1132,1193,1210,1108]
[1134,1111,1116,1120,1133]
[1144,1118,1115,1142,1123,1147]
[1145,1150,1174,1169]
[1151,1194,1190,1173]
[1160,1157,1152,1158]
[1161,1154,1168,1197,1167,763,1191]
[1163,1148,1176,1171,1153]
[1164,1650,1165,1641]
[1166]
[1175,1178,1141,1159]
[1177,1179,1206,1196]
[1182,1149,1184,1170]
[1186]
[1189,1211,1213,1188]
[1195,1187,1212,1183]
[1198,1221,1192,1214,1238,1235,1237]
[12,25,35,4,27]
[1200,1215,1220,1224,1185,1203,773]
[1209,1231,1172,1181,1223,1207,1205]
[120]
[121,128]
[1216,1271,1280,1219,1204,1274,1289]
[1217,1366]
[1222,1378]
[1232,1256,1263]
[1234,1246,1270,761]
[1236,776,1226,1229,1218,1233,1249]
[1239,1260,1251,1255,1264,1267]
[1241,1298,1363,1368,1261,1244]
[1243,1254,760,1230]
[1248,1250,1225,1257,1202,1208]
[124]
[1252]
[1262,1305,1292,1272,1278,1287,1299]
[1266,1301,1320,1329,1326,1318]
[127,134,142]
[1273,1321,1322,1316,1317,1285,1323]
[1296,1302,1380,1356]
[1297,1360,1284,1375,1388]
[130,139,140,135,131]
[1300,1749,1925,1942,1979,1921]
[1303,1258,1242,1277,1327]
[1306,1311,1325,1315,1310]
[1309,1279,1247,1312,1281,1290,1268]
[1314,1398,1427,1336]
[1335,1333,1344,1339,1347,1319,1331]
[1345,1376,1341,1357,1367,1374,1364]
[1346,785,1328,1283]
[1362,1269,1342,1359,1294]
[1365]
[1370,1369,1384,1399,791]
[1372,1444,2009,2001]
[1373,1358,1352,1382,1343,1371]
[1377,1424,816,1383,691,1381]
[1379,482,479,506,497,1405]
[138,85,89,133,111]
[1385,441,462,819]
[1386,439]
[1391,1406,1407,1350,684,787]
[1392]
[1394]
[1396,1642,1649,742,1623,1594,1662]
[14,21,11]
[1400,1351,1387]
[1403,1414,1401,1415]
[1413,1442,1410,1439]
[1416,1338,1389,805,1295,1417]
[1429,806,1616,1631]
[143,149,136]
[1430]
[1434,1436,1428,1437,1421]
[1438,1745,1546,1636,1751]
[1443,1441,1448]
[1445,1435,1353]
[1446,1451,1459]
[1447,1484]
[145,276,112]
[1453,1452,1449,1469,1471]
[1454,1411,1419,1440]
[1458,1455,1456,1457]
[146,141,243]
[1462,1516]
[1463,1464,1461]
[1466,1468,1460,1467]
[147,151,132,106,125]
[1470,1475,1465,1480,1479,1481]
[1474,1476,1478,1477]
[1482,1500,1490,1491]
[1483,1485,1486,1473]
[1488,1518,1472,1506]
[1496,1489,1494,1493]
[1497,1487,1495,1492]
[1499,1431,1520,1535]
[150,148,246,237,196]
[1501,1511,1509,1513]
[1502,1503,1505,1504]
[1507,1537,1541,1521]
[1508,1517,1514]
[1525,1523,1524,1530]
[1526,1528,1532,1531,1538]
[152]
[1533,1559,1592,1544]
[1536,1572,1543,1552]
[1539,1548,1550]
[1542,1574,1547,1579]
[1545,759,736,1564]
[1549,1565,1551,1555,1556]
[155,153]
[1553,1621,1395]
[1554,1519,1587]
[1557,1629,1645,1573,1644]
[156,157,158,159]
[1562,1569,1512,1527]
[1563,1561,1571,1586]
[1568,1124,638,1122]
[1580,1581,1560,1575]
[1582]
[1583,1397,1393,1355]
[1584,1637,1673,783,1619,797,796]
[1585]
[1588,1664,1522,1639,1599,1515]
[1590,1593,1589,1597]
[1598,1603,1609]
[160,164,162]
[1600,1595,570]
[1606,1601]
[1607,572,1591,1604]
[1614,1613,1610,631]
[1615,592]
[1617,1570,1689,1705]
[161]
[1622,1736,1764,1825]
[1627,1630,1692,1633,1710,1558,1687]
[1632,804,1624,808,807]
[1643,1611,1567,1656]
[1646,1620,779]
[165,166,171]
[1653,1657,1651]
[1658,1668,1625,1661,1696,1703,1805]
[1670,1763,1761,1774,1770,1772]
[1672,1679,1677,1648,1663,1691,1693]
[1676,1748,1711,1826,1838,1832,1671,1707]
[1678,1978,1974,1708,1961]
[167]
[168,177,180,163,184]
[1682,1755,1765,1766,1767,1776,1731]
[169]
[17,9]
[170,173,154,175]
[1700,1790,1534,1702,1754,1791,1683]
[1704,1729,1762,1706,1780,1778]
[1713,1740,1605,1634,1699,1722]
[1715,1830,1681,1655,1669,1674,1797]
[1716,1498,1626,1540,1701,1723]
[1718,1433,1529,1638,1685,1612]
[1719,1836,1680,1647,1675,1665]
[1721,885,1732,982,2007,905]
[1725,675,1848,1822,1654,1752]
[1727,1844,1753,1771,1735,1688,1777]
[1739,1852,1816,1872,1775]
[1747,1659,1760,1737,1828]
[1756,1275]
[1758]
[1769,1750,1827,1724,1837]
[176]
[178,174]
[1782,1781]
[1785,1138,1784]
[1794,1793,1162]
[1799,1759,1768,1800,1801,1804,1798,1803]
[1807,1809,1820,1779,1757]
[1808,1810,1812,1811,1818]
[181,182,179,183,190]
[1813,1905,810,1888]
[1817,1697,1730,1577]
[1831,1802,1806,1686,1744,1788,1789]
[1833,1835,1819,1829,1864]
[1840,1694,1834,1698,1720,1746,1742,1709]
[1842,1734,1726,1741,1667,1733,1640,1712]
[1843,2010,1695,1977,1980]
[1845,1849,1823,1856,1866,1841]
[1846,1886,1773,1814,1824,1839]
[1850,1855,1896,1890,1854,1892,1881,1861]
[1874,1880,1858,1870,1787,1821,1786,1868]
[1875,1877,1893,1815,1847,1903]
[1878,1884,1879,841]
[1885,1941,844,1883]
[1887,1940,1908,1894,1899,1906,1910,1929]
[1889,2013,1865,1869,1873]
[1891,1933,1931,1922,1934,1853,1902,1932]
[18]
[1907,839,1857,1898,1919,843,1900]
[1911,1867,1876,1926,1871]
[1914]
[1916,1915,1917]
[1923,1851,1895,1909,1927,1935]
[193,172,187,194,200]
[1936,1912,1998,1728,1943]
[1939,812,1945,2018,1920,1960,1937,1944]
[1946,1904,1938,1901,1918]
[1947,2012,2020,1684,1949,2008,1948]
[195,214]
[1952,1950,1951,1955,1954,1956]
[1957,1962,1963,1953]
[1959,1714]
[197,192,188,189,191]
[1971,1964,1965,1972,1966,1967]
[1973]
[198,217,223,220,199]
[1981]
[1988,1984,1968,1969,1970,1982]
[1993,1986,1983,1987,1992]
[1995,1985,1989,1994,1990,1991]
[1996,2016,2004,2002,1997,2003,2005]
[1999,849,1862,1717]
[19]
[2011,1975]
[2014]
[2015,2024,2017,2023]
[2019]
[2022,2025]
[2027,2026]
[2028,2030,2029,2031,2033,2032]
[202]
[2034]
[205,206,208,209,207]
[20]
[211,224,213,216]
[212,222,225]
[215,219,201,203,204]
[218,221,210,185,186]
[22,16]
[227,228,226]
[23,57,15]
[230,232,231,233,229]
[235,234]
[238]
[241,240]
[242,239]
[244,273]
[247,253,265]
[24]
[251,259]
[255,252,117,258]
[257,256,250,261]
[262]
[263,114]
[264,272,260,274]
[268,271]
[269,267,248]
[275]
[277,84,270]
[278]
[279]
[283]
[285,288,287]
[286,284,281,289,282]
[29,13]
[290,333]
[291,292,294]
[293,295,298,93]
[296,297,300]
[299,303,301]
[305,304,306]
[308,309,313]
[311,312,302]
[314,310,307]
[315,316,322]
[317,324,325]
[32,34,53]
[320,323,329]
[326,334,318]
[327,338,336]
[328,351,335]
[330,321,319]
[331]
[332,280]
[344,362]
[346,340,339,337]
[348]
[350,353,363,349]
[352,347,379,376]
[354,356,345,341]
[355,416,388,460]
[36,39,40,50]
[366,686,359,342,700]
[367,385,412,374]
[368,357,358,361,360]
[37,65,77]
[377,364,369,365,371]
[378,375,397,402]
[38,62,58]
[384,411,399,372]
[389,382,392,387,381,380]
[391,410,398,404,390,396]
[393,394,395,383]
[400,552,386,401,464]
[407,408,405,418]
[413,440,628,373]
[421,428,409,444,445]
[422,417,415,426]
[424,478,499,463,494]
[43,47,42,46]
[430,472,581,548]
[431,474,818,475]
[434,435,437,550]
[436,641,642,1129]
[438,1131,1652]
[446,450,452,451]
[447,420,458,414]
[449,459,466,461]
[45,41,103]
[453,517,522,498,510]
[456,489,490]
[457,406,448,403]
[465,370,427]
[468,470]
[469,487]
[476,455,480,443,493,832]
[477,484,485,821,503,454]
[481,538,531,496]
[486]
[491,488,419,467]
[492,508,515,429]
[495,613,556,505,528,525]
[5,6]
[500,526,509,514]
[51,98,78]
[518,527,423,529]
[52,81,48,59]
[520,521,516,504,519,471]
[530,513,507,512]
[535,558,579,539,562,563]
[536,501,537,541,534,524]
[54,44,100]
[540]
[542,532,614]
[543,545,549,511,533,546]
[544,547,566,565]
[557]
[560,553]
[561,551,588]
[564,555]
[567,1578,1566,1596]
[568]
[569,1426]
[571,1608]
[573]
[574]
[575]
[576]
[577]
[578,584]
[580,612]
[583]
[585]
[586,582,1602]
[589,1201,559]
[590,473,554]
[591,600,617,596]
[593,587]
[595]
[597,607,611,606,598]
[60,61,56,49]
[601,618]
[603,609,610,608,616]
[604,605,599,594,602]
[615,619]
[622,624]
[623]
[625,659,648]
[627,780]
[63,129,266]
[630]
[632]
[633,629,639,640]
[634,1135,655,1127,1136]
[636,635]
[637]
[644,620,643,626,621]
[646]
[647]
[649,657,660]
[650,665,703,676]
[651]
[653,645,652]
[654]
[656,661,662]
[658]
[66,72,31]
[667,876,887,877]
[668,919,921,923,922]
[671,728,963,960]
[673,693,666,664,663,674]
[678,1253,1259,1199,1240,1227]
[679]
[68,87,144,74]
[680,681,699,669]
[687,811,685,795,690,801]
[696,694,695,705]
[697]
[698,688,343,682]
[7,33,28]
[701,716,737,702,1245,711]
[71,236,245,69,249]
[713,902,903,895]
[715,1510,1635,1628,1450,704]
[717,706,1265,739,712,1390]
[718,910,912,926]
[719,740,707]
[720,802,786,1618,1576,790]
[726,942,941,723]
[727,939,725,944]
[73,64,70,67]
[730,722,733,670,731,732]
[734,1090,1354,1282]
[735,1432]
[738]
[741,744,1061,1062,1067]
[748,1073,1068,1070]
[752,751,1074,745]
[753,754,1085,1081,1084]
[756,1075,743,1080,750]
[764,1291,1286,1288]
[765]
[766]
[767]
[768]
[770]
[771]
[772]
[774,769]
[781,1276,1012,762]
[782,1308,1340,1293,1313,1332,1334]
[784,825,840,859]
[788,1348,1349,789,1404,1422,1418]
[793,683,798,803]
[799,817,1304,1423,794]
[8,26,30]
[80,95]
[800,432,502,689]
[809,775,1402,1412,777,1420]
[813,824,1409,815,822,1408]
[814]
[820,692,442,483,425,433]
[826,823,835,834,833]
[827,856,863,837]
[828]
[829]
[830,838,855,845]
[836]
[842,1859,1928,1863,1897]
[846,1882,1860,1913,2000]
[847,2006,1666,1738]
[848,1958,1924,1930,1976]
[852,886,892]
[854,850]
[857,864,879]
[858]
[860,778,677,831]
[861]
[870,867,709,884]
[872,874,868,862]
[873,865,869,866]
[875]
[88,110,79]
[883,897,899,871,880]
[890,893,710,891,894,896]
[90,96,91]
[900,914,889,907]
[904,708]
[909,888,908,882]
[913,898,901,911]
[915,853]
[917,918,920,714,906]
[927,935,933,950]
[929,925,928,938]
[930,934,721,729]
[932,936,931,937]
[94,92]
[940,1743,1690,2021]
[943,949,945,946,724]
[947,924,981,952]
[956,954,974,978]
[957,953,965,971]
[958,881,878,916]
[959,969,986]
[962,951,955,672,948]
[964]
[967,1307,523]
[97,86,75,83,109]
[970]
[973,966,961,968]
[977,976,851]
[979,975,989,972,983,990]
[980,992,996,985]
[987,998,991,984]
[988]
[99,76,82]
[994,1006,1783,1792,1796,1361,1035,1795]
[995,993,1065,758,746,749]
